92
137
503
155
366
363
19
175
160
250
152
141
410
238
107
420
252
110
469
319
386
374
446
422
319
326
407
354
275
150
224
70
295
109
262
398
470
227
371
299
81
101
198
207
417
465
294
482
65
419
300
328
229
185
86
399
251
270
344
411
373
163
365
187
53
312
239
238
312
488
142
161
276
202
192
459
306
235
112
211
488
373
371
229
133
327
125
341
282
423
378
389
456
367
336
256
310
124
265
147
147
436
381
1
119
410
383
491
353
444
437
472
92
457
222
376
143
342
164
400
93
2
49
12
328
391
262
232
172
31
450
272
464
395
290
191
185
274
35
352
309
245
91
248
49
4
339
400
507
55
107
175
240
496
156
132
251
144
377
79
281
273
234
215
495
396
379
469
442
73
287
36
301
481
19
16
14
50
74
7
426
222
322
19
379
215
98
262
368
169
479
459
379
497
45
153
295
380
321
278
200
190
311
307
199
98
291
127
318
36
74
244
512
224
424
354
10
456
408
103
112
186
301
479
468
257
504
459
286
70
139
83
126
326
140
492
176
87
202
479
431
398
165
199
129
174
509
5
287
106
352
233
398
490
454
269