145
1005
408
986
296
283
628
952
356
925
667
803
690
375
649
662
255
530
744
355
879
80
110
609
435
27
362
487
329
197
285
969
469
525
980
376
983
993
278
753
717
225
999
729
129
10
974
833
236
732
483
92
448
924
795
662
139
276
682
433
657
143
425
0
171
897
330
513
559
49
31
96
17
281
602
323
381
130
680
47
904
63
689
662
491
17
944
486
74
601
418
305
133
155
591
665
938
233
245
755
401
602
631
71
82
927
996
1024
669
98
982
579
817
935
644
28
110
477
418
347
520
342
103
398
339
128
535
222
581
181
345
424
49
520
947
876
894
414
431
846
177
889
62
321
247
949
1003
699
197
814
466
131
342
826
634
202
334
219
613
661
684
444
564
156
436
621
250
338
772
4
334
928
800
557
647
306
122
718
114
462
940
767
446
76
388
422
719
580
561
900
625
600
101
538
8
441
636
767
372
201
369
779
612
551
169
318
948
740
511
422
183
942
266
118
93
763
576
759
645
940
339
1023
854
334
832
878
886
8
20
157
600
980
1008
113
498
294
870
387
1008
637
512
219
408
245
587
438
750
596
393
391
154
982
2
861
1016
50
856
215
845
631
946
185
628
1
92
184
975
726
734
630
851
690
662
952
866
753
31
348
927
159
385
697
609
221
836
517
125
344
835
625
953
203
780
453
286
854
845
416
748
243
419
550
239
803
730
765
1
347
516
404
657
15
707
855
1007
232
233
14
326
146
998
1001
397
535
402
321
795
347
831
756
811
297
842
794
597
922
868
33
994
727
81
974
143
50
294
432
281
985
641
246
218
160
236
208
345
72
575
993
547
895
192
489
418
341
1004
486
145
170
662
886
601
836
771
610
177
120
1013
50
1013
645
862
978
569
147
394
644
797
922
213
300
496
80
376
219
449
992
568
567
866
17
264
326
827
42
422
634
33
259
916
206
882
655
727
840
262
917
368
229
688
930
391
633
746
218
53
88
842
618
229
164
197
587
555
1010
799
921
167
930
941
203
6
985
328
989
9
824
476
705
340
100
983
320
541
616
327
243
609
658
88
547
92
195
287
495
34
674
751
125
122
580
116
816
194
590
92
520
276
996
620
968
739
889
811
462
709
895
36
995
1021
644
950
193
737
862
689
572
329
581
557
947
2
255
368
546
636
326
438
66
549
528
220
316