1540
497
461
1497
1786
656
66
1482
1589
1546
1195
503
1090
462
948
459
1205
1217
1509
115
65
1396
782
1553
903
1057
76
1459
661
1432
1758
746
948
287
326
1865
299
880
526
860
1145
132
1047
1742
925
421
894
247
1072
632
1729
1016
1971
1000
264
301
1944
425
1306
1182
577
2
374
1862
867
1108
1333
969
284
442
887
552
1808
1343
379
1820
1260
1062
536
471
1702
683
162
530
1008
2032
363
1668
1638
886
1727
1787
728
960
1446
34
245
1679
923
1715
1476
1529
208
1433
834
1813
467
1060
69
1358
1088
1080
1275
1103
332
48
974
157
16
1029
335
1727
153
875
477
1343
288
1331
371
1275
1890
2021
756
347
83
159
1372
1663
1837
1900
167
1905
864
1047
1069
1584
1511
1308
648
1919
2014
358
1723
892
1572
54
339
893
887
1247
806
1645
829
1839
500
69
1660
1730
1631
1355
581
1586
1413
1786
579
1819
719
991
1800
1255
256
949
543
971
1565
1754
542
1994
399
799
885
1758
1792
1007
1204
681
416
306
1287
1983
1270
1923
505
228
1426
351
1567
1776
583
111
1469
71
1569
871
1783
111
1187
1270
432
97
1149
807
313
1270
195
1108
958
1753
171
780
368
1671
1069
1258
2014
849
800
1669
1928
539
809
978
2015
1322
1294
417
1458
923
177
1198
1050
78
1396
1271
332
479
646
204
1208
1964
1820
1838
77
368
1136
1770
1939
1956
966
248
1648
134
1768
1871
1156
580
1069
1196
62
1061
331
1009
654
149
1743
431
1981
744
1658
134
37
928
737
412
320
82
1354
1923
196
1116
99
26
1301
848
158
1575
2006
1046
1940
82
1
1200
891
975
1983
1894
576
1469
849
1899
1586
1040
1098
1229
138
289
1765
1890
1238
1466
1143
436
1788
882
1467
1149
400
1784
1884
1299
1490
1326
1145
848
1342
1833
662
1145
184
1698
172
1235
830
1091
1606
1466
1302
1130
1928
1320
1904
2038
51
1449
1649
132
1551
925
1699
1012
1500
2009
1233
509
1419
1966
315
1377
1709
507
565
890
302
1190
875
1131
122
266
956
515
847
853
564
678
2036
1000
932
531
1665
716
660
1285
1823
1563
546
2036
141
259
1653
1511
871
358
556
1068
1957
267
693
822
1130
1023
2016
754
808
1717
1827
1561
1909
1180
1770
731
520
288
1555
1281
168
795
1390
205
999
914
79
1866
2046
1391
816
895
1881
1600
690
529
1676
1434
634
1192
1174
12
923
471
375
1905
1163
22
1105
1032
1653
976
79
140
1641
722
251
640
6
499
1653
1253
1766
1675
2011
497
984
140
51
1477
173
385
439
1198
256
1794
107
889
1361
559
13
658
1205
351
1492
1
1345
841
672
1302
542
272
572
570
168
1186
1654
430
886
223
1375
1240
1761
525
275
33
1508
1013
861
1850
792
208
984
558
1140
780
687
888
1393
1302
873
1048
1133
711
948
1291
1615
1760
1636
364
464
886
1687
171
718
1481
1818
837
916
1227
1579
634
479
53
277
1134
1280
1230
1485
1327
883
101
394
414
881
1512
1756
987
1965
878
1048
1826
507
1578
622
304
1053
162
667
662
557
1963
1023
166
838
1259
540
385
1449
361
1475
1463
531
21
409
490
1673
1935
1118
523
1481
37
137
1135
50
1112
1231
1908
1120
766
1329
441
596
1335
1080
219
369
1102
69
620
437
420
206
86
1805
1570
274
1702
1013
1884
427
1191
1420
1769
173
1844
346
615
1482
972
1339
88
1389
1112
924
1660
397
1784
1092
1998
495
1725
6
1296
1985
1817
1299
474
1591
1369
1438
343
930
511
1083
1478
295
423
1413
1707
673
2043
1755
1793
230
1794
1154
1633
120
742
1724
1824
1518
133
808
1765
595
1060
1392
1172
609
1241
519
1112
726
1924
1499
1943
1087
210
471
905
1370
1431
1807
1615
1692
1751
1194
331
1018
867
844
1804
1265
805
101
1690
286
1000
1813
976
807
793
1952
1449
343
347
87
24
591
756
1415
1308
1233
1070
675
825
1669
1412
1001
1821
1156
1987
1312
77
1689
808
1479
1057
1086
1651
1505
1909
1151
1127
2012
162
570
247
1633
656
255
500
2039
1233
1333
1086
1164
1457
1155
1368
934
1176
1168
1439
1556
1770
1662
529
1777
1816
1741
67
793
767
1407
1130
1676
1859
111
1549
283
669
1954
306
1541
1269
217
1954
915
922
1469
420
950
280
1226
620
634
47
895
1835
1470
68
1356
9
2030
1892
676
1583
1110
389
1575
1222
724
967
1988
194
400
597
1946
1145
1328
1038
895
1651
1485
1400
1384
1305
1046
349
538
435
96
730
23
1788
1157
480
2038
1034
121
734
1255
657
1732
1103
1051
828
468
759
1017
1409
727
151
1451
388
486
428
732
905
1455
595
392
924
582
1382
226
1125
726
33
95
88
2046
1668
1872
605
1391
1111
1875
648
929
1775
1359
990
813
1610
345
1107
729
312
235
1252
2014
1634
1437
1547
1671
250
898
648
955
1849
934
240
942
2010
1624
624
801
1106
207
288
510
1898
966
1361
970
411
556
1620
1345
267
368
905
1194
555
1143
119
326
817
2020
861
882
1785
333
1692
457
78
168
685
1492
1490
1083
611
389
1103
1685
822
1353
1868
1967
1725
581
1040
251
1060
1196
1355
215
88
1909
822
1691
1584
885
727
421
175
1409
619
289
1634
536
629
501
218
781
1031
1564
1769
1744
730
41
543
1273
1356
1246
167
1290
460
1435
1304
1263
1490
218
1851
1584
1001
192
936
634
2023
982
1067
383
455
225
1213