2685
2924
2413
2788
3129
855
617
2065
1591
1322
2040
2765
2731
2709
154
3816
3793
724
3580
2639
2491
1537
3440
2196
1544
710
1282
3745
1259
2201
422
865
909
1651
2340
814
2799
4053
686
2599
2275
1205
1835
588
2255
2351
1718
2182
887
810
449
985
1916
2672
1956
1139
879
1076
3165
2445
382
928
749
234
3756
2367
1418
1304
2840
3382
2173
238
2029
281
2278
2148
1240
1158
2567
2234
655
4083
185
794
2678
2039
2778
24
2440
759
2077
1482
1751
3445
2063
1039
367
173
3888
3303
908
2328
3893
2498
114
3172
1918
1634
2197
2479
3684
1671
1324
727
2919
3362
1959
2922
2589
2168
3258
2801
2803
1876
3804
2284
1284
2084
3239
2980
1421
1217
418
1837
1879
3715
798
905
2851
1062
2224
2425
515
2669
2804
1249
830
299
4045
1549
1079
2444
2508
694
3359
4042
3518
1657
2692
2257
2338
1453
2481
3786
3441
2447
882
3976
125
1699
1409
3254
978
2202
2371
352
2858
2293
2208
2290
1315
3933
98
2211
641
55
1141
768
2980
1809
1499
1863
459
3923
3993
3520
2413
1175
1501
227
441
2262
1925
3703
208
235
893
2805
2888
3673
323
1301
2220
1146
1613
294
2204
2123
3608
3806
588
1643
592
2214
2233
3748
391
1220
288
2276
2266
949
2885
2089
116
849
2153
3003
2259
3869
1565
1417
1960
4059
1001
1327
3014
1643
1002
2165
3861
3971
2219
482
2832
1784
1862
1056
1422
372
2827
3690
1913
3018
3175
3082
2061
38
572
2081
1959
3981
1816
1174
743
3842
1132
2509
2143
1559
331
3656
1702
2549
441
2928
2124
2894
1639
1691
1336
3698
4078
3372
296
3310
501
538
136
979
2975
944
812
2152
3602
2193
987
3749
2356
2136
3708
1261
1314
1219
2550
2088
513
2623
2486
3193
1982
566
1948
2212
3116
2654
2215
200
3161
2518
489
3458
3010
2953
2274
973
217
860
1684
2505
383
2384
2519
2149
2508
138
2727
3728
3546
2225
2624
4026
1752
3493
647
3448
1322
1846
25
428
1512
3360
1892
3195
2523
3510
3812
2833
1072
3042
2984
2890
3248
2294
2798
3713
652
69
2573
3330
838
2401
1520
981
4086
4052
241
2297
2649
760
316
274
3841
1629
855
2358
3587
3157
393
516
472
1025
3875
302
397
485
2324
2890
368
583
2397
789
1654
1782
113
441
3987
322
4039
2979
2446
3079
946
3116
1804
2361
1241
3676
4
3635
1164
1754
2655
2901
3969
1096
304
3478
925
159
3127
1667
702
111
1331
3804
1828
4096
1531
1895
2561
3022
505
2770
4063
1020
3138
1922
3277
666
244
3150
2577
2591
4051
1020
1484
569
1106
714
1291
2986
818
1463
1119
2709
135
1803
683
553
754
3229
1818
3136
4095
1554
3548
583
3516
968
1927
3565
2448
3193
2557
2728
3482
674
5
4007
1868
1999
82
85
2712
2205
2064
4096
1541
3057
3559
16
3345
1000
477
1496
3525
2047
67
1821
931
685
3849
674
2779
2008
3866
3670
1383
759
3870
219
2616
238
874
3747
437
137
2782
3277
2470
1396
1608
659
3805
1506
443
1172
3830
2897
3133
465
183
3770
378
2714
2309
2513
3611
3069
3018
1698
1346
3227
727
1998
2753
1848
2560
372
844
2424
2313
939
1317
469
2727
3515
643
2778
2860
802
148
74
1859
1232
2949
1894
3542
3431
335
1338
2632
2278
829
621
823
2710
1187
1994
2203
1525
2622
3677
3784
1107
3296
3816
231
421
3871
1586
725
1650
3745
430
3109
364
2159
3412
3932
2441
2406
3777
3800
2329
1578
2100
2003
2149
187
3193
716
1092
2889
51
3607
3835
1468
2370
1835
2308
367
2245
89
1254
1783
3154
3393
3650
3013
1243
240
4094
3439
2579
1093
3581
3480
3242
3784
2397
2312
2252
3392
2848
1458
764
2853
86
2503
3303
3257
1205
123
182
3045
1238
1082
2482
3889
394
128
2669
919
2328
3795
3613
3116
1051
419
1352
1476
1892
3117
1809
89
1260
3713
1277
2207
806
2442
3160
471
225
1576
760
1250
331
1757
2432
1278
1747
588
3340
2528
1189
1746
25
3534
729
3790
3160
3892
3790
3186
3766
1721
101
3599
2098
3158
2349
2049
2049
1159
1386
350
55
2180
2029
2108
1120
852
2591
4005
3216
1309
2440
1073
2837
2981
1685
2436
1327
2514
1943
3245
24
2861
2613
1504
3617
1623
2972
4068
1830
2412
3759
2597
2032
270
1593
2724
1277
3797
1759
3314
1102
1251
210
3749
838
373
10
2131
1434
1498
2164
1418
3746
1727
863
606
525
3939
1448
3677
461
1688
3843
3427
535
1098
1693
3920
879
3135
115
3905
865
931
524
4054
786
3946
634
1027
677
1739
3844
3521
1437
1378
282
555
1713
32
347
646
977
1003
3365
2723
3584
564
3015
1227
775
3633
3224
1568
3000
2078
341
1268
1276
845
2954
2362
209
471
2275
1939
3886
2343
3822
2732
1576
2890
3786
3853
2515
3053
3319
242
1005
3499
842
1616
2308
1641
3377
3393
759
3586
2656
2499
6
1230
1624
119
1300
1126
1698
3243
165
1509
1358
3095
1249
938
3963
3896
547
2815
1471
2106
2052
3449
1229
2746
2490
1094
4001
55
1981
1639
1216
996
81
873
190
3634
579
1898
1195
1418
3383
3621
1471
2111
1741
1052
3367
504
2339
3607
3165
3431
2657
3259
908
16
2419
836
3527
2704
80
2865
787
452
3546
2672
2217
1955
1169
424
522
948
321
3182
702
2825
2016
2556
3974
2789
2519
1403
2172
2519
1967
530
3266
4029
2915
607
2751
1421
1875
1014
286
3699
1901
4092
2984
691
2773
3830
1091
2899
2966
536
3685
2291
1556
1817
1021
890
2189
2406
2577
3090
524
1435
1432
674
232
3290
2960
3515
2869
2546
3436
3275
221
808
1978
3300
350
1680
3013
2805
1765
2269
1617
2656
3511
1626
1924
3306
1441
2719
2957
2589
201
475
2090
554
484
3735
3896
3610
452
282
2771
2455
3854
3139
3019
2040
2308
1038
744
2295
401
3962
2279
1771
3308
1404
1297
144
1997
3486
919
143
701
1705
410
694
2598
592
3303
609
1887
3610
2438
3998
627
2514
2665
2778
3932
2775
3722
3186
495
3367
2272
2846
3412
693
3071
3526
3595
1104
3875
3199
1190
3595
3727
3658
983
947
937
439
2241
3802
3266
2176
3716
3632
1431
153
648
3428
3310
650
3560
2957
71
435
3776
2078
2815
730
952
2740
2938
1670
1668
887
2783
1733
2753
1310
1057
2180
881
2221
3699
3609
1219
1798
172
2583
1977
2601
293
2568
3676
1428
1071
3064
2485
3170
1462
3235
2968
3278
2025
1734
3007
1171
2820
2898
2649
3797
1574
3219
483
1117
804
3070
255
2739
3767
477
670
224
2115
600
2953
2633
2749
2108
3750
2515
115
2478
2854
7
2646
1693
3720
105
2271
3531
3204
2441
1706
719
1277
843
1883
671
2444
3214
1391
1592
2692
531
2196
2667
934
2430
1740
820
255
2732
1100
161
862
3165
1903
1823
3722
2175
915
1236
1339
3515
3651
822
2985
3077
1363
1385
2250
809
1574
2392
3023
2288
4023
2533
168
869
2195
1358
570
3313
122
3772
330
2245
1420
3161
1649
142
2058
603
704
1670
1003
463
3794
2790
2112
2600
3140
3765
843
3124
354
1898
1759
1268
3508
3194
845
3302
1324
1284
388
168
4019
3775
591
2995
1254
858
1758
3748
1818
1765
2397
1129
3717
3569
815
3768
2586
664
860
2438
404
999
2146
3700
1634
579
1209
1938
536
3877
1323
1489
2776
3317
3521
723
1445
627
1036
681
915
833
781
2587
3843
2081
2694
2393
602
1031
247
3513
2838
651
2835
3521
1091
2677
3123
3449
4014
3426
1470
3224
2706
3764
255
1212
1409
1338
3421
1359
1019
878
1394
1401
1176
987
985
2162
245
267
1893
2934
3181
819
536
3293
1922
1860
2262
1176
2085
492
1282
1217
1306
46
2397
1005
3271
811
144
2310
69
2633
2100
1720
114
1404
3118
775
1853
2316
62
488
1397
1342
2038
804
3192
2645
2070
2795
1385
339
938
1781
738
3255
2893
804
3330
760
3556
1962
1663
221
2526
2930
2303
2883
3356
2124
2178
1224
237
2659
2010
612
996
1019
3026
1063
1539
3760
1310
1836
29
3309
3866
240
787
2347
2934
357
2462
1005
393
3367
546
1276
194
3353
313
2495
871
54
2894
3190
2821
3213
2422
1584
2941
1285
3424
1646
686
1387
3220
1419
1030
3735
1128
1508
2892
1906
851
1970
472
3141
2932
1590
214
3228
3326
2178
3071
2882
2421
3181
3797
2326
2913
3424
352
2925
2290
2394
3747
3253
913
2297
3072
1628
1445
972
2057
2805
728
2854
3621
66
3623
3899
1120
2329
552
3808
3832
2501
1261
2803
2043
3472
1072
3522
3119
777
1019
998
2795
3934
2578
3159
1799
730
3602
3751
3186
498
1840
3731
3464
2933
1313
476
3114
1920
3377
624
3417
1199
2324
2412
513
1951
2886
587
990
1729
1823
3545
3507
3637
2119
3921
1764
689
365
3326
3785
1893
137
3921
2463
2757
2640
3510
0
414
1242
883
1754
1367
1184
370
1166
3522
2949
1011
3360
676
682
2571
3924
3267
3389
2599
2846
2059
3930
1932
2377
1258
63
500
2372
1120
2551
3441
3799
2023
3657
3268
1493
2320
2874
2462
412
2849
1110
2230
2957
2573
3034
1743
2123
1056
3825
3453
2516
3546
55
3767
1425
2557
3805
2378
482
2871
4065
3907
2480
4019
3284
3999
2831
3077
3826
2884
2953
810
327
1595
3741
1182
2525
3047
1837
2909
1663
3104
3826
856
1314
654
2781
2660
446
2596
636
1852
674
3572
376
137
595
3986
451
3359
689
3504
1373
407
3660
3437
1032
1130
1923
1062
1770
176
345
1356
3133
669
4011
808
2927
486
1334
3808
3388
4031
1809
3190
196
3503
576
566
1768
2435
3476
3167
2574
840
434
401
1025
683
4048
1415
1423
192
416
22
3549
2764
2495
3719
2995
2959
443
3112
2979
1954
168
87
1023
2299
1537
3280
1173
3233
3465
3630
3516
2373
3437
3687
2784
2735
2207
168
3823
3609
417
2997
2706
1983
1796
36
3520
3370
3667
1347
1861
1038
3001
1516
2225
3895
128
1872
3267
630
1718
1894
3995
3357
3171
3492
2726
2465
3323
119
337
3064
2257
881
1110
3307
4084
2597
3594
434
3785
1781
987
202
452
3096
3307
3934
1768
503
1331
673
1601
3783
2586
2551
650
3996
928
873
1473
2071
3829
1070
1609
2032
3057
3893
1902
3563
669
2467
374
2667
3644
2238
3972
2196
3012
2173
1296
368
1730
3444
1186
823
3735
463
1425
2890
1231
339
477
2537
1493
2919
2747
1168
1057
3154
3454
2547
196
2670
3221
888
2130
552
1552
1102
2098
1895
1444
2604
1097
3197
3719
3269
2817
931
1594
1888
343
139
46
1207
2619
2507
2057
2117
1123
2233
1517
1598
257
2635
1700
2200
1686
776
2977
2295
3064
1877
868
908
350
2923
1497
4076
3774
3514
3999
2004
3810
3604
1902
136
978
757
3285
2521
2300
3877
1968
31
2142
1743
423
3470
1223
3756
196
3061
36
1133
3596
2171
1103
3249
4077
880
3463
399
3284
313
3912
3826
1099
1097
2215
2642
651
2588
404
793
3024
3500
1688
1801
4019
2940
2470
3227
361
2786
2017
2336
556
130
2440
160
645
2761
944
533
7
849
3347
417
2119
330
2265
3599
3299
444
1979
1974
2646
955
1859
245
1927
1761
2923
3261
182
643
1471
1720
3165
3621
2776
220
1399
3245
1267
1682
1771
1537
3781
1554
25
2230
1115
1089
2196
1648
4029
1513
1075
2182
3910
1265
374
1408
3585
2934
2541
691
3404
3145
657
3363
2204
3016
1985
3150
3069
2717
3943
2146
4017
829
3051
1540
2293
576
2564
3526
1660