2014
6097
7585
1458
4374
6886
3298
5436
7041
5117
3533
3236
8119
1866
3995
4804
4553
6842
1953
34
5233
1786
539
6523
405
1595
1335
418
5007
7250
6479
5320
1562
6476
1344
5658
7838
1605
1588
3068
6032
6213
7270
2529
6575
5329
2259
2445
6886
6924
6392
8186
5174
1418
4321
3829
3590
6942
4767
5734
6747
4645
6215
2721
5320
383
2540
2198
5820
8191
5779
1952
5979
3837
1517
8172
5965
6534
2946
3412
4368
5565
3007
8092
3092
7970
7296
6916
6098
5563
2372
1689
2156
3391
864
5502
3896
7108
7401
1722
6412
518
4136
1493
8098
6102
3045
519
5078
1941
2835
6045
6766
5288
959
4114
1974
7815
4686
2158
3822
1186
2513
2406
7831
8115
7363
450
2108
1821
3644
4349
6974
4781
2796
5255
8043
7002
1092
346
6093
5660
3912
3416
3195
5626
7758
7768
682
4873
6534
911
2835
4529
7773
349
4547
6702
112
236
3705
2150
4107
386
2299
5865
3777
2406
6488
2222
3582
620
3607
1294
2715
4986
6976
3888
8159
7151
1968
8086
3874
737
4865
1569
2326
3656
479
6232
5797
1911
5373
7882
4838
686
2343
1307
4405
8134
6321
5052
4021
7096
413
6784
1231
5571
1962
2013
1254
1881
5582
4991
3372
2878
1286
878
1292
1923
6754
5371
4298
2471
5914
6788
3323
5456
3724
6713
5981
6188
6388
4847
1117
1143
4041
2949
3632
66
3601
3596
7734
2916
4394
3725
5989
1804
510
887
7364
3917
127
3839
383
4651
3372
8042
2419
2702
1828
1219
4931
3849
474
6394
5028
6299
3510
5299
6760
7681
3295
1002
3555
2811
5744
1026
5763
6007
5678
6321
7481
4844
2988
2563
5761
1578
5498
618
2248
200
7626
5523
4342
2776
8023
1069
7670
2815
2748
6117
5996
31
6802
6549
3406
8141
5612
3607
589
1229
2108
616
3189
4181
2983
4667
5523
2184
336
1642
6713
2585
3199
4947
855
7958
3653
2716
235
4786
6706
6569
4518
6630
6638
860
7091
6543
3917
5500
239
5430
5698
7035
4729
4841
6377
2131
7991
192
920
2214
5700
5947
6893
3231
7307
7773
3073
5561
7038
303
896
7189
59
6634
2538
2083
3862
4388
1994
4695
1455
4523
436
7922
5350
3749
8032
2413
2921
7464
3763
3143
2950
4755
6397
864
6416
3862
7188
415
4416
6972
1198
5031
789
7980
3213
7773
4593
3918
8162
7760
5483
58
2397
1476
1563
4741
5771
5782
1061
1931
6214
2468
7074
6994
3883
174
928
4600
1013
5675
3255
6400
7698
7582
3688
4590
4685
4711
3505
4129
7331
1071
1611
764
8079
3113
7111
4302
1274
1704
2114
3628
6931
3730
1939
1783
2379
5772
7867
2412
1089
4041
5023
1339
4752
7422
3488
2413
5964
4602
857
3621
4607
7886
1755
4779
4503
578
5482
5281
1553
769
7631
4663
6859
4075
8091
49
4287
4009
774
4047
3746
4084
6260
6411
2010
2439
6061
5744
3359
2595
2883
3950
846
7385
8104
7575
5123
7052
3062
6851
4842
5649
758
5177
3932
6584
4091
1825
3271
1870
3264
1050
3644
715
3915
1400
1583
1176
5812
6760
1934
2358
322
5449
1255
5452
1881
4518
6778
4639
7916
3307
424
2489
5347
965
4893
4203
6070
103
5924
5339
228
3316
3427
2042
5029
4950
4443
2433
2847
7837
3676
2094
845
7935
1288
5402
7844
3156
3480
2925
7995
1111
4875
6063
3021
1612
4344
1742
8101
5103
7679
7356
175
5210
3969
4027
7095
2920
2810
4236
3503
876
2986
4007
170
7112
1324
25
2944
7363
168
1160
6869
4112
3489
5746
5368
6488
6816
5254
4934
7747
222
120
3250
1105
606
3145
1638
5261
7726
7289
7964
7331
734
6170
3865
5785
1749
7635
3402
231
1860
2707
5254
3947
6021
7713
1784
1889
6388
7416
7143
5557
4546
5228
837
3515
6488
1908
5890
6937
2633
5328
355
4144
5069
347
7524
5767
7821
7749
6571
2744
2852
4825
3014
764
3107
5391
1454
7977
377
280
8083
3211
794
7947
2573
3643
6954
8042
271
3924
7978
6059
5157
1467
5334
1408
3022
5516
7624
7838
7827
2332
3989
4018
6894
852
1599
1156
7949
5297
6202
6451
2511
2640
6053
1750
2228
2049
6628
4003
288
141
4953
2663
1304
6380
2105
5164
4809
2217
7287
7381
3897
6478
715
7508
3813
2671
6376
5112
4928
6955
2452
6458
3335
8155
3556
3395
5774
887
6283
7750
1957
2812
2757
4754
8016
8141
1151
47
7252
6458
2342
2773
7729
6023
5103
3177
5507
4315
2249
3559
3459
3657
302
7438
8039
3299
1650
4655
6322
5521
924
4409
5096
2383
4063
7719
1977
7540
7566
7615
4400
1268
580
962
5630
1607
4618
3891
5436
7514
6539
3940
78
1462
3806
4342
7608
1273
2163
1795
2262
4237
697
5150
0
7235
7996
526
3844
1741
2601
4931
5347
8002
2766
2200
385
590
7834
4452
1607
2310
8107
5308
332
3316
5758
4886
2258
5857
2064
981
79
618
3254
4922
3140
2086
5005
6351
3495
2414
1152
4678
1141
7913
5411
6476
680
8088
4523
2630
6627
3786
4365
5811
6396
2907
4204
2208
6199
1413
2503
1762
3250
6089
7360
8184
7141
4443
7375
4794
6831
6808
4797
2745
7538
6455
2397
4738
2391
1589
240
4367
7169
5148
813
5817
5679
1314
3552
4438
6613
7483
4370
6851
7015
1330
3387
7399
758
6680
8141
932
4892
7939
5126
1613
3374
4306
478
5473
5114
7208
4541
7096
5228
559
6957
2263
5545
837
5143
4571
2806
5622
4710
1190
8146
5406
4314
246
834
4245
4524
7667
8012
2586
455
492
2123
554
1387
4386
789
2407
7881
198
2074
7570
3317
5540
6716
5687
5774
2097
6378
7857
4200
7333
7945
4813
4677
515
6821
6879
887
2797
4542
2678
3332
4410
5063
1853
4137
2588
4888
1539
551
1710
6705
8
4973
4487
2972
1903
5970
1551
7397
2004
1656
5307
7343
4062
6574
201
5398
8160
1750
2362
5377
357
1903
6808
767
2611
609
4770
2271
4937
4528
2066
5969
3411
5916
3502
2538
3735
1385
2925
4516
1443
583
7419
6706
4291
5398
6912
6374
6167
5383
599
6968
4919
4786
1953
2752
437
6568
3997
6465
5763
8075
738
219
3528
3530
6330
3309
4920
6399
6329
3344
4821
2213
4920
4418
5541
1120
7879
1047
5628
6748
1584
4297
6941
6657
6522
7043
818
4055
4311
7143
4981
2091
871
401
8067
5492
51
5670
4480
2754
252
4565
3107
1549
5202
666
6428
3158
2611
430
3820
5111
3624
1431
7855
3245
3224
4041
5809
6711
5148
1965
4371
1857
951
3661
2231
4749
3449
4856
1880
7750
527
2596
1874
3982
7680
6090
2857
4950
1827
7580
4898
3875
2806
7794
6177
3450
3988
1476
2794
8049
2139
6317
1711
6863
2805
2677
1902
3454
2701
7941
6777
6050
477
7410
8144
7780
5682
6082
1074
7996
240
350
905
2820
1222
21
3051
5594
952
1199
6803
2692
2928
1874
456
2845
3776
6677
6177
766
7187
882
2553
6389
2477
5404
6204
5997
388
7974
4352
5080
7596
724
6604
6173
3717
3105
6314
3417
6969
6761
3406
1634
4676
5998
7356
6545
2524
3199
5076
7193
5678
2559
769
3207
3000
4861
1349
1833
7084
4367
7587
3920
6489
3869
4170
481
4904
5490
5707
4430
7831
5309
4479
3136
1148
6889
4729
1904
7306
6709
2872
8095
8124
7962
7532
6480
1986
7189
3458
1561
4165
2882
3128
2368
1948
2958
1073
2297
4552
2983
2910
5637
3628
1869
5167
819
3386
6697
2692
4400
5010
6614
1402
5198
3462
4291
3524
282
6421
1171
330
7133
3982
6298
971
4229
6350
6215
7384
6096
4613
6797
2459
5160
3295
3050
2366
2092
1879
7433
3983
7536
6139
7623
2776
293
7647
7546
3953
4198
4595
309
700
2914
4939
2224
1470
3652
2448
7890
3039
4653
2142
2438
6781
2813
1502
6842
5703
1779
3150
3182
6719
2910
515
6366
6509
4198
5290
6782
866
3942
1510
2769
6314
6623
2761
2805
4180
2393
3907
3406
5647
1721
954
3076
120
6086
321
5942
1815
2384
6177
2977
992
1160
5926
5808
7618
6539
385
5286
7135
4674
2899
1572
6183
1310
3627
7589
5806
6391
7159
7110
6087
2791
4600
5382
5656
4725
6017
3516
3384
8186
7228
366
975
948
7063
7082
3859
760
4580
256
6350
5741
8124
1514
7297
6688
7203
8112
2138
5257
4378
6845
5124
562
2353
4747
6460
5265
7646
1723
2953
4341
2847
6730
7776
7687
5931
1358
2867
6985
5749
5169
4216
5933
7430
3046
3112
1920
4388
5576
6737
3721
2001
918
408
7991
5628
5911
2278
2250
1446
6590
4961
2421
3047
7745
5471
1028
7537
5785
7041
2633
4421
2059
4784
4428
1494
1980
4198
4251
6955
6025
2769
7305
3821
3329
4810
3346
57
7778
7124
446
3812
647
5702
1763
914
1475
2372
6280
3071
7825
5109
7730
4780
6662
6207
5890
287
328
6979
6513
376
4901
6251
1299
3466
4521
2793
3743
6551
3386
7395
4907
8095
7204
7912
1332
5022
2111
686
7461
1464
1347
2969
5398
5568
7200
2502
4335
6420
2400
815
405
857
6428
8114
7631
3676
4760
1004
8189
5124
7241
7764
3319
7272
7860
3140
4735
7627
6956
5529
3591
4003
4529
5523
3522
7558
1849
875
5355
5396
459
2337
3504
4576
5850
6695
5281
2868
5552
7487
7954
3330
5208
604
1291
2463
6998
4247
3593
499
7698
4779
4887
679
4755
5261
7969
6268
70
7211
5683
4364
642
1338
1661
6794
5115
5910
180
5174
131
7683
3210
1301
864
2558
2060
5671
4360
4514
2758
2133
2585
3782
5176
2970
543
5662
7242
2181
1173
6256
675
3187
4801
871
3419
2597
2494
437
4997
5541
6607
2230
7041
5793
4155
1044
1281
7549
2935
6814
2204
7399
800
8026
1189
204
905
3221
262
5419
4197
3526
1031
7152
1407
8153
6786
2248
4741
7222
4613
6969
86
6446
1902
1316
5223
7837
3595
75
1842
6848
4391
6153
1022
4403
2964
325
4457
5944
2310
6632
5614
1273
5409
7529
4464
2106
7991
293
4692
1300
1935
2098
7073
7764
4927
1486
622
890
4660
2499
3845
2306
2176
1146
7302
5392
6874
7181
5020
6775
43
2925
2589
7449
7103
4691
6112
4042
3178
2605
3169
6123
4324
1760
2167
5480
6718
4235
7618
6508
4075
443
3398
3203
2997
2463
2155
4417
6836
7912
3034
7132
115
70
1634
4553
1305
7178
1291
5998
3980
4134
7954
405
1622
3990
2297
501
3515
5546
7098
1803
1775
4680
3002
5250
6234
6233
993
3444
5532
5004
5319
4223
2033
4659
2455
7376
2021
391
1756
3517
3434
1881
4823
7582
6170
7423
1751
3980
5187
2857
5241
1711
4214
5937
4286
8038
4133
2010
87
2708
4703
3588
2291
4899
2359
672
1955
6341
2978
1607
3490
6906
7657
990
7061
3364
4455
1782
5347
8077
384
2167
1067
3957
1059
5760
4945
3433
2147
124
1974
6561
319
3057
1659
2102
1111
652
6014
5070
2739
242
2044
2039
3614
1928
4721
6315
793
521
6392
6748
1161
7025
6555
4184
87
3515
7678
3846
6553
3388
674
2717
951
1694
2621
1269
733
1408
5
408
7609
7828
5008
87
6283
6656
4926
1863
6748
1665
1683
1278
5903
3203
4125
7847
4768
851
6177
4792
6813
1044
3198
4592
520
7341
876
2725
6133
4115
7794
3147
7026
2360
3995
3020
4293
137
446
6672
4732
3474
2364
3070
3338
5132
7834
8087
275
578
712
5983
1871
662
813
6386
8146
7871
4852
2737
5345
2800
2111
7779
6389
6314
827
4441
6741
6542
5818
1074
2748
8188
7980
8066
5712
1897
398
2747
5248
1663
6407
5095
3916
3442
6001
2115
5605
5919
3145
4309
779
410
2684
8116
3127
4955
4016
4723
1638
5658
310
2572
77
2652
173
3234
3132
2000
7755
7209
4257
6354
7983
4140
6055
1138
4764
5142
5706
7355
304
7289
7174
7250
5774
3611
6067
1131
5265
3430
5014
2193
5671
7077
1940
3365
4308
941
965
6138
3253
4527
4479
7247
7842
7734
1741
2136
5898
1574
6362
202
7481
6719
1592
4058
4224
1610
1715
7993
529
6
1836
4887
5827
4096
7924
1375
7163
6404
6677
2014
7175
4195
931
2779
6424
5253
4517
7365
1445
3855
6818
3567
5086
1083
3134
1674
5355
4858
4913
1727
6717
2178
3306
7083
2032
523
7486
163
5306
4796
1700
6457
1479
8191
6314
551
8038
758
983
5126
3632
1730
3929
21
7136
1602
1599
4852
2339
5096
3335
6709
6408
1523
6331
476
7621
8013
1762
262
1117
6399
3201
6517
7093
5062
151
8084
62
7437
636
3141
5868
7911
1386
6138
2415
497
3138
2507
3614
2033
248
6414
4349
1077
6347
7253
2492
7989
6324
7875
3969
3796
8153
6372
7451
3438
338
8031
1444
4642
7367
6249
8030
7550
7266
4755
2918
4165
3047
4275
4115
996
2904
1298
6639
3129
3674
1773
2125
884
2367
956
7967
4274
3646
1529
3841
1350
41
2496
3171
5593
6330
864
2677
591
3544
7365
1862
5507
2124
4997
7567
5839
1725
2922
6463
399
7663
477
7673
3847
4626
249
5878
3373
3265
625
1029
7643
4433
6577
4602
1279
1257
1398
5486
2499
5011
3244
3521
4081
3351
1647
6861
5987
2747
2608
5629
1241
7473
1482
5566
5496
2602
4470
4338
6968
3647
7485
714
7704
2757
5440
3726
7792
2032
779
8129
3410
3060
1313
4631
8115
270
4046
5056
5720
5947
471
4589
7683
4414
4003
5544
339
506
992
1106
2553
4650
1670
2687
4517
6389
1176
7854
5095
256
53
3345
5477
7237
6596
577
676
4672
7765
5738
7271
5415
2882
7129
2897
1622
8084
2353
5223
5055
4683
3046
1752
3762
1282
7745
703
2584
939
152
5926
1675
3804
4105
7138
2919
621
6581
6449
1337
3559
4093
7525
4584
7433
4014
6758
5127
5581
4605
7932
4757
5565
800
5519
7766
996
2770
2998
2329
3745
7210
1532
1439
1911
1176
7718
5199
3462
2027
3876
4573
1090
497
504
7635
8067
129
3082
191
3262
367
1208
1413
4664
5498
6299
796
1156
6641
7464
7215
3246
7927
8146
4765
7049
5809
7758
5132
6038
6617
5832
2962
758
2262
2118
3525
3226
7659
7088
4570
387
8153
1626
4797
4957
6147
7864
3087
1205
3408
1819
7699
1598
106
6937
4730
489
355
3235
6161
305
5391
5814
6560
7388
5913
4990
362
1073
3843
2142
2299
76
6161
7410
7761
4082
7044
5038
3125
1809
6484
4959
2212
22
2070
3777
2270
7831
1974
3748
1642
1450
3703
4508
5113
8163
2999
3155
6947
4750
5093
4953
7971
2737
6357
3606
6838
6261
2257
2660
293
7425
7964
5626
6912
6885
4528
4191
349
6136
5827
1490
2137
8182
4484
4270
6267
19
668
5329
5612
3964
4157
6822
2151
2599
1398
1834
5147
6484
3099
3613
16
2342
6533
1355
5654
268
401
1371
3015
7064
4094
2032
6856
5754
835
5994
5765
533
3501
4284
1766
2784
437
8072
5082
7905
4276
1259
2751
3679
1913
5252
1394
7303
5968
4017
6690
3679
6141
5176
1383
807
5593
22
3535
867
5594
3968
6402
645
1846
6268
2701
7508
391
5158
2425
5126
6440
2144
4680
6653
1684
4334
5723
4678
4334
749
4415
406
7576
1009
3426
7287
3505
7548
440
6450
6010
7846
1846
5384
6904
4293
4157
4644
3549
4454
4174
3715
6209
2812
5860
7102
7081
4437
3651
7582
3491
6278
5642
4999
4841
974
6524
4207
4414
694
7384
3800
1321
6865
4406
3838
2358
6595
7972
6300
1365
3701
3415
2292
6575
7736
4132
735
5671
6622
1201
1777
8119
1198
5826
1752
4437
1139
2527
3704
7883
4551
1149
6468
1309
2872
7210
929
909
168
1395
914
3162
1179
5116
750
3663
6307
4769
1973
6543
1954
3987
7309
4413
6033
2093
5409
253
1447
352
4057
1782
2677
3786
4649
1245
3183
5949
4305
366
7403
1283
664
7119
7455
1540
7222
2777
7729
6683
831
1092
4566
265
5978
3710
6831
5620
244
1837
5294
2649
4615
6557
1125
6306
4141
599
4068
7356
1805
4719
1920
6282
4299
7532
5776
1354
4759
4397
1863
7034
2520
7920
4112
3082
4863
3829
4082
622
7530
2509
7783
1336
1573
408
3307
7968
6145
2658
355
185
5474
1961
6460
2045
5609
3387
7190
3898
7329
3036
6821
1361
1075
5470
7159
8006
5544
459
3126
1385
4470
264
7652
5642
2892
7343
4092
3417
528
7124
1106
137
5873
7443
2516
4365
4929
1845
3314
7645
780
1035
4662
6294
2781
2450
7444
1297
4456
7158
6506
4301
1167
797
1267
3603
847
2703
4185
1824
3117
4995
490
3253
7689
1234
2641
4562
5602
5509
7020
3699
972
5990
7338
7455
261
1659
1969
7466
5616
370
1221
5941
2149
4522
63
229
759
4870
1307
5608
5709
7691
286
6362
5828
3215
1064
447
7964
5564
3964
6272
720
7238
7278
7248
4390
4999
1089
1390
7868
2466
7000
6411
1564
4242
8143
741
3866
5936
5899
32
7006
6066
183
3341
8130
1909
4034
886
5908
3941
539
1244
8078
8092
4003
5552
1683
6337
3358
1435
7353
6805
5526
3018
3377
3625
2764
3153
5787
1780
1768
7919
774
1589
4145
7379
7413
6335
699
3940
7704
7331
7050
5870
853
39
7040
7123
6265
4087
6605
6204
3970
684
5555
8045
2635
7042
6171
2223
7074
1203
842
461
7240
2850
5308
2860
5614
845
3800
7425
683
4447
4809
1818
6182
7035
2804
6207
5001
799
6874
1867
533
3560
6232
7484
2591
6323
3891
6357
7259
574
5465
5533
329
7313
3748
6643
1074
5145
5829
7716
6427
3783
890
4254
2966
2684
6935
2752
2311
1521
1542
3284
5544
4745
5432
7824
6940
2293
3679
3932
2234
5132
3385
6406
7548
7697
7700
6594
5297
5407
3223
7518
5291
3859
5905
7816
339
105
3030
2831
5760
792
1197
2104
5484
6178
5242
6330
7671
4937
7547
579
358
692
2413
3330
3778
5561
6608
6569
4354
595
913
1242
6421
6143
1717
12
63
4791
5339
6969
3392
1614
5507
2928
3193
7884
2087
7449
3922
1725
2574
6019
1576
752
2500
3132
6232
6499
907
1397
7149
3539
2709
1890
5572
433
3694
861
7181
935
7246
1058
6065
1581
1861
8107
6310
2158
1959
7776
4968
1072
2897
7387
6533
6072
1644
898
2990
5031
2371
3908
3783
5661
3978
6974
4803
4096
4636
5643
7270
5571
7131
3003
3816
4696
7680
2646
335
2333
6682
973
5015
1687
725
5648
2636
3243
357
3020
3961
6777
3489
3392
4222
3751
6261
7076
3727
4609
7477
7941
1172
4251
4345
7032
1744
6775
2381
5388
3243
4622
2285
7473
2419
2908
5106
5805
3945
1327
6272
4126
7015
7677
5253
5968
5595
1918
2401
6937
4512
7693
2539
1056
7779
5551
3318
4753
3106
1409
2832
6811
5810
2027
6039
3557
3826
5740
5188
7015
8050
4884
669
2381
6366
5179
7733
3426
7976
4877
5366
320
6990
6320
2031
2138
3338
6430
927
3885
5222
1227
6419
4888
7054
5363
2604
7863
2606
4729
2356
1325
1196
7478
2636
6897
2758
328
4720
2821
8070
908
5360
7143
5516
4835
4086
976
2387
6163
5253
707
3041
532
1971
4761
6347
7634
5795
6885
5434
3476
178
2999
7569
3396
793
7996
7703
7521
708
3130
4725
508
4031
1149
2183
5088
5318
1188
6949
7357
1401
1647
7592
6856
5627
5975
6557
5865
767
3539
3245
270
6994
6692
3604
5323
3415
7352
3019
2700
543
2784
5174
2743
5513
4558
4654
1682
5313
7163
3922
8044
5369
3201
7855
5831
6428
7662
7902
4209
683
8072
3521
3226
6289
5308
2236
7237
3707
372
597
3430
2201
3005
3259
6218
7449
353
2884
938
5667
2258
5869
4486
703
3133
2281
5283
1731
6004
1632
2490
6762
4584
7491
2157
7975
6987
1751
1348
3069
2529
6928
5224
982
3756
2254
5282
1863
6694
7355
5376
6473
6309
4904
922
7370
6100
6597
4673
6959
1439
3451
6391
95
7721
6862
3720
6144
3162
4859
4626
4687
6643
1195
6918
7150
3591
5092
6114
5639
6688
7503
6611
2209
5486
7743
958
7922
3270
838
4878
8052
3089
3670
7154
718
2086
1082
1635
4825
4598
5373
4686
6634
5033
1422
5247
6742
6620
508
4725
8037
2163
2615
2574
1734
7240
1338
2773
4837
2616
7672
5329
2272
6501
760
6393
5150
2839
5947
3939
511
2393
4634
4867
6103
7996
6710
1627
639
6730
3420
1130
5055
1714
54
3753
6536
1613
2143
5705
5458
4271
209
5544
7879
6737
5597
2718
2978
4826
3360
1237
903
6203
1882
7539
6224
4402
7872
3939
4838
5524
6684
5795
3113
6299
2885
7109
2531
1749
976
6924
736
5659
6215
5429
3677
1976
1649
2766
5439
390
5299
4739
3811
6876
4315
4854
5555
3245
7570
6501
510
3228
2354
6146
6915
2663
6538
4366
269
7941
6730
6355
2295
4857
8017
4531
5449
6173
575
4196
2039
4751
909
699
2750
1929
1406
1878
7323
1077
5292
1014
1627
4928
5822
2044
569
6073
3092
6405
3171
634
6191
7184
2973
885
4711
1870
1018
2957
4863
5399
1721
3487
1666
3968
1840
4479
4923
2161
3648
1420
6180
1658
6023
5451
5673
5438
6366
7533
7963
5764
4662
1585
570
6566
4554
3991
6112
5180
1589
5701
5608
2848
3075
3419
2043
2147
3784
81
2885
1351
3434
5259
1161
283
918
5278
727
1423
3230
2365
5648
3757
4430
6591
4106
6903
5927
560
5740
1310
6868
1890
8121
1441
2481
461
7861
7555
5530
4897
920
4891
3116
7771
2169
5053
3845
901
4909
6164
4562
930
2474
2129
4659
3296
5264
121
6468
4200
6818
4439
1965
7554
438
7926
2031
3673
5662
2327
5706
5899
399
269
1091
7631
1337
2990
6479
3522
7893
2303
7364
4841
5781
4829
6782
2262
7031
1914
3030
3428
2007
5169
6627
4083
4446
2644
336
855
3848
6917
3174
5992
4995
4804
669
813
7974
5753
2979
1575
282
5595
2711
5046
2534
1569
2382
8146
1061
1481
548
4014
6289
6833
2749
3633
3229
2064
5654
1641
4773
3906
2295
830
3351
2766
5076
3876
4701
7399
2434
6199
5593
2048
4445
4666
6120
791
2471
3217
6095
4234
630
4046
5913
6702
2214
5557
7380
62
8159
725
3788
2186
6813
6490
372
8061
7530
291
4825
3314
6167
4358
5152
82
5091
517
1833
999
4366
5715
1249
2702
6776
1021
846
7854
3656
2185
543
5846
788
1539
5989
7306
5856
1684
3642
3682
3572
4425
1400
2057
6703
5181
459
5184
5114
8058
4264
7572
7005
2969
4679
5699
4067
6965
3638
8020
4470
7317
74
2361
8059
1388
530
716
605
695
2521
4892
2736
2260
7982
7137
4783
5197
5687
1497
6716
7054
6257
7587
7930
7330
1293
369
3862
5962
5751
2039
6249
215
7848
7921
5147
4511
7324
4832
2271
2454
415
8174
4144
2917
2352
7849
8106
7492
3221
6583
8129
4345
3067
2730
2177
1281
5251
6569
3918
7024
2373
5649
1140
5216
4621
705
1282
593
3146
3263
674
8077
2226
6151
3032
5148
2815
6677
3510
3259
7576
1753
4982
4150
4489
800
3383
1254
4561
6129
337
270
5407
610
924
2246
3919
111
7177
5005
2423
6145
6397
3466
1954
2860
3056
5800
3508
1573
3656
1858
2972
3618
7087
2586
1671
7288
4991
4661
2182
1276
523
430
3298
6975
5089
2941
4330
539
8128
6745
1542
3649
7587
5712
319
369
300
96
6491
5983
8081
4791
7958
116
7735
7956
6566
7857
4654
510
7029
5923
3229
966
7027
763
1572
2679
1731
4726
6580
513
7483
5568
6127
3585
4930
8177
7946
5363
2945
3489
6557
6933
30
2852
5598
956
5107
6839
5557
575
7789
2725
3814
4204
5279
187
552
3438
1360
6668
7754
612
7761
3876
6333
6599
7588
4625
7949
2435
4828
1542
4972
1609
1915
2195
3434
7207
7709
127
2679
8139
2567
1516
6720
4936
7390
5615
2421
4477
5354
5825
6821
8018
5545
7192
1745
7389
6095
3474
4343
7770
4362
4643
7289
4319
5288
2120
568
1216
2804
1886
6211
1065
1565
6395
5683
727
1383
2569
3084
2487
1333
999
4310
6958
8110
6326
7666
7731
6029
4024
3657
1334
4824
8048
2417
1436
4947
4842
6282