5962
7228
2306
14299
9322
3162
7008
5943
11749
14804
11790
14827
8249
536
4391
7560
336
760
15266
4000
6420
1195
6818
1375
11339
9942
4337
1196
13937
15446
2759
4579
6860
11124
9961
11608
6997
3567
15069
6996
3435
2036
4827
3360
7365
6004
15177
12677
262
6677
16036
3874
8072
13125
5258
4402
8529
6165
6203
3749
14527
15307
16258
6141
11165
9913
7885
7895
10891
10419
14467
12827
8766
13614
3636
705
12239
13663
11990
5072
8010
4624
11849
5260
12927
4766
14993
3139
8844
12682
2480
10519
9265
459
4022
5257
16325
5040
13181
255
14754
718
14944
11745
4754
14508
8970
370
7135
14223
8013
7491
13976
231
16290
14647
15860
13631
10473
5781
6420
4153
7483
5635
6229
6457
11287
1945
14526
3586
13658
1505
14332
4263
15734
13690
15956
12876
2418
12434
4912
11375
15173
1420
9248
8159
5064
14070
11617
8282
10247
7899
10665
8618
5666
7759
9563
1516
6037
14643
568
1379
14902
6951
11724
9785
15752
13832
10244
23
12990
11260
4050
11449
3226
2231
6418
1114
5093
308
6078
2551
1865
13459
11286
6717
9175
11263
14643
13192
6619
12956
14225
13831
9669
3944
8904
87
7386
3105
10250
109
6595
12903
12222
1614
15688
3836
5031
314
16086
3735
14823
13464
11669
14528
10029
2064
6566
808
4791
163
306
12446
5202
16116
11199
10001
12618
2735
11459
2428
8870
4235
14892
12298
11280
13896
4907
13682
5526
13553
16302
14501
3347
1766
13338
8618
12557
14318
30
14448
538
7133
13229
15998
14275
7437
809
997
7712
9987
8526
4258
14636
1398
14148
11375
6473
16064
7980
377
10139
12952
11096
5969
5021
9043
14719
4179
15065
5001
11951
13050
7122
307
13112
15474
15397
11383
14400
7295
8210
8471
1351
7578
11683
14594
4810
10326
16145
8092
2449
737
13537
3238
1225
10446
13551
5226
7023
8224
9005
8812
4128
10854
8173
15004
7870
6174
10928
12485
1995
5317
5892
12384
11331
2358
6660
12902
9896
11035
6380
4317
14319
5380
4405
8705
1939
10731
4211
6552
9906
10111
6468
5297
15852
9696
9840
8014
7474
6362
7753
4829
3274
1903
15920
9811
12630
9134
12685
14490
14660
13525
14425
14419
8716
4120
2233
15744
5832
6017
7075
3330
15720
13618
12065
7808
8782
5816
6112
9008
2550
12538
2558
11812
14971
3780
15131
1674
1281
15107
7113
9739
15347
5893
3143
1973
14669
10052
8846
2766
15396
5589
13681
15098
3738
14667
2001
11397
2489
15744
11612
12334
6624
2536
3985
8807
6174
14580
4010
15702
8758
9720
14201
3624
5462
6317
15319
10513
2447
13326
1613
1080
12750
6014
4637
6799
2019
11654
5567
16266
4853
8143
5622
12841
4828
8591
8717
590
9133
4899
7587
12878
13211
12704
8175
15999
3909
10715
4785
8429
6112
3836
4466
16292
1276
10348
3861
8287
12022
6802
2678
340
3115
3521
4500
11991
4880
6147
3803
6558
10488
2948
15601
2003
437
4303
5337
5609
11597
4757
2469
6051
2581
15971
8135
9848
3054
10238
9000
8510
10892
5570
3026
1513
10048
7686
12243
1640
6287
1177
14004
3464
11087
824
11498
10046
3444
14479
8146
9819
15101
926
11639
12097
8526
12313
1201
5972
6921
9097
10737
8472
7880
12905
16199
9260
14000
8684
11913
4863
9294
1930
14911
1160
2370
9093
1796
16028
11890
13006
3085
15039
10007
8084
673
14532
7357
1191
14881
10501
1018
16376
15197
551
12563
521
6761
7693
2294
14676
5799
12689
7381
10995
16293
3493
4846
14179
12286
9738
78
10642
10753
7575
8375
715
11923
7340
5997
10007
15390
6203
15712
1564
1328
1633
14315
8844
7137
1743
10887
10498
13965
3167
10355
4976
9399
10637
13036
2056
16123
7870
9721
1501
1492
4514
9741
1605
5680
2492
5346
15897
15129
615
884
12755
12042
4207
15869
14322
7062
5941
7382
13939
7987
1871
10934
6362
3625
2697
8795
6635
3733
10329
3521
9322
11357
14770
6287
6407
11337
13780
1834
9748
3422
15065
2830
12953
16210
6632
4573
1181
6466
14846
15635
15085
15662
7327
15521
14954
5014
11421
13901
2412
8886
14206
7952
12872
7809
7596
14008
10567
9833
11146
13410
10871
6271
7561
2977
14727
8828
5028
15499
12400
167
1752
656
5375
15624
12164
12184
14184
7686
7934
14545
11787
10604
5338
5166
8307
4794
9838
13787
2886
14346
51
8369
9918
5508
526
9035
15847
14786
12631
8090
9942
5593
2102
10404
9593
10166
3554
2777
6148
14430
11323
6953
2663
8370
3086
6357
7182
2136
1749
7761
3480
14086
14162
3893
4139
14795
6121
12434
1099
15583
11926
16099
14808
14508
9234
12424
10546
7960
14332
8831
5608
311
1127
9778
11090
1480
10560
9131
11813
1872
11889
14026
15412
3956
9218
152
5715
11387
12571
10611
16029
15494
12548
7990
8802
4741
15143
2474
685
15413
2676
455
12257
10651
4589
11827
13830
17
13380
3891
7501
6226
10335
1047
2066
13796
10088
6690
2060
11414
736
13940
5098
9385
2815
14526
10193
6212
3249
9004
5084
9974
5752
15782
13556
3469
6106
7670
13144
8688
352
12083
2882
2920
10647
5357
10987
15865
5476
14231
13346
12991
2948
15076
1086
5292
3010
2526
9737
11326
2846
406
15510
5758
3398
2769
11639
13840
6581
4089
12213
3984
9185
12997
2622
3709
3170
10219
15774
1343
207
9199
3145
14542
15066
5597
7211
8471
11427
10888
8659
11315
5690
9925
1977
6200
14138
13846
13075
9559
11397
1947
11943
1874
13170
5381
10318
15795
2751
10585
13990
15707
4521
6854
14037
1225
7803
3920
11335
10885
11242
15691
11344
9787
1176
6731
9974
12538
15254
5706
2165
1347
3520
13187
9265
3082
14274
4026
9452
7918
7351
8042
3123
3541
11631
10488
15964
12838
3409
11274
14822
11729
9877
4767
15773
1324
11867
8638
12123
14823
693
13302
10926
14377
1858
3096
16260
1238
6335
2932
15353
3739
15336
4231
9775
12091
1622
10058
14622
14654
14374
3997
1003
8582
16248
10887
5649
12735
6829
16163
12851
15840
12980
13280
3567
8241
5054
10161
14442
8538
10553
13234
14744
2154
6713
4832
12455
7319
12973
14408
656
7795
10535
4966
11365
5719
15007
5158
13880
11322
8073
15871
5024
6313
11302
10776
6487
1778
3544
9582
11976
15232
3853
12486
16197
15339
7055
10481
7488
15520
11940
14260
4854
14713
8020
7164
1496
15995
7777
11286
13015
625
14727
2200
1240
2440
12308
14476
450
5294
8654
10814
11590
9473
13124
13169
4875
12033
8956
2529
12091
3469
2070
15575
5653
6594
14143
2852
8066
13366
6253
2542
1973
5594
15666
7742
7391
8587
10028
11322
11748
10531
13511
3711
16153
1244
2631
3048
7711
12892
1517
10373
606
9156
11678
7659
74
15965
9648
6269
5492
4996
62
1975
14752
1065
1020
7466
15784
14508
16148
14078
13956
11581
11319
11526
3495
13432
16047
7694
8499
15439
5308
14006
12439
5717
16323
13309
3504
1495
13881
12116
12944
9336
6320
1660
4730
10360
9011
15882
7989
10360
14315
5289
35
6506
12290
8708
16132
6369
11626
1679
3810
12424
6392
9238
11565
9002
7922
5313
9094
8224
8514
10687
6134
372
15687
12782
2881
3120
11604
12102
2563
5808
5156
13857
10952
5113
16343
4043
4108
4245
13652
15201
9934
15387
13995
12378
15653
5593
1179
4415
4539
13889
13319
11148
10548
11270
9743
14245
14715
7124
10773
2108
5410
5825
135
7244
4047
12577
4746
13040
2966
14666
12590
11465
4183
10886
687
13354
11315
7300
888
9049
11582
5824
14212
8829
2839
7030
6529
15250
14223
8553
12258
15086
1550
3379
6833
227
10671
84
13045
2149
3201
5766
13190
2006
12892
5661
12902
13008
4289
14395
8592
4744
12674
9995
5208
12193
11495
6025
12804
1515
11723
14482
1058
7303
11199
11733
5545
13919
644
252
9931
3830
10433
12988
6571
8714
8753
5211
4603
11261
11157
10148
9488
14976
698
4210
13835
13098
15333
11967
5041
7278
12380
12570
2619
4744
11563
4977
6101
11992
10422
12706
5190
12344
15992
429
4073
5683
3642
13594
10924
7387
10442
1662
982
2090
9213
12877
11565
12557
9479
5136
14839
13966
968
1712
1449
15959
1462
3653
6063
11218
2063
3471
3475
15968
1129
9485
10633
14322
12179
8834
11574
12449
4612
12481
15233
7124
8566
12158
7605
10818
14964
14596
9358
2824
6490
5015
16364
12158
12471
11734
2242
4652
7225
15534
11730
15506
10986
212
13912
5280
428
10258
15769
3646
1440
3664
9979
3214
6091
7292
3964
528
11002
9599
2541
9502
13758
5288
12154
5775
10436
10505
8348
7732
12496
14270
16095
3230
14007
1450
12934
12744
15541
12056
15522
838
9754
4113
3433
4568
4504
8958
7751
2839
10357
12874
5989
2495
3884
7327
1799
10638
8311
8100
7369
13704
695
3573
15177
5918
14568
9013
5602
4023
7375
147
16
10865
5155
14634
9421
5139
13613
4921
7758
13001
9454
5936
10310
12684
4598
5673
12318
2092
12760
14004
12893
8561
3226
13248
3707
3215
14266
13242
13353
6552
7820
4641
12290
7701
1129
10756
15163
7873
14660
6724
6857
1349
1645
13399
4124
533
9347
14326
4621
4650
15903
1869
7662
14710
10231
12645
6345
16171
3150
1692
16145
6829
15209
10118
6352
7888
3108
10086
2925
7092
565
5743
1700
11232
15672
6691
13477
8739
10984
8174
8354
7800
2327
568
4123
2354
15171
15790
11367
6321
12399
1467
6610
3832
785
3572
2553
2001
4386
15633
15794
8987
14862
760
7957
14310
12543
15663
6460
10212
12952
8726
7681
11015
1580
12485
14814
13272
4113
6516
7376
13902
16197
15903
5927
6197
10107
3611
10372
8408
7821
7646
5153
2797
5255
16115
1833
6046
5678
5377
13254
8689
14235
9249
5576
13601
12503
14509
1248
3004
16279
1430
2867
5211
6714
6148
7486
13640
15067
1132
10097
6857
16137
15359
8633
12804
6865
12052
13512
789
2247
13289
8700
8504
11329
5039
10487
12516
8923
11979
4430
12729
11139
2110
11374
10330
613
6883
14259
6767
6280
7608
14803
4254
4917
5629
11780
12508
7085
2898
15072
2574
6889
4752
7323
10660
5314
4832
10331
12560
3554
9326
383
14163
7891
5552
14345
6217
6236
14769
2938
11263
7306
15242
2698
9972
15790
3074
15553
9206
3089
5541
4833
4156
8382
9553
13728
11311
15618
3986
11339
16021
11602
4403
7727
1818
8217
3053
7312
9867
15936
4266
2490
4802
9098
15138
1478
9015
6440
14346
5564
11259
16368
1412
8508
5326
12593
8796
2599
2689
5230
3389
768
1927
7126
4447
10007
4974
11622
9804
11284
12932
3270
4016
8043
4055
2844
7106
2527
8618
16273
12777
9376
3763
10160
5254
9230
7972
11571
8686
11873
1051
13562
10761
14251
8637
1660
3776
941
1892
12952
7925
1382
10352
13082
13125
8790
14132
770
8698
10807
527
6243
6297
3851
12299
14123
1014
9632
11774
6108
16347
1661
11266
10702
6995
6052
318
10844
3474
3347
3718
6907
2009
9336
11412
1125
1127
5122
2332
11937
11938
11238
8516
1835
6994
15610
2296
14646
2938
11072
11750
7937
1561
2587
16344
12217
9577
1273
8218
10371
909
1504
10686
8423
16294
12913
4180
12159
10269
2967
14620
6170
3370
14263
7787
2197
2849
14346
10781
10862
16239
10954
1830
3060
3493
4724
8930
9280
8067
12159
13932
12294
9581
6697
5774
3477
1125
13587
10745
9363
13048
14613
871
12820
1598
15297
6987
9235
6188
9454
12615
9301
12295
4230
12629
10623
2030
11521
11638
494
6120
5869
14467
11159
903
5383
2419
2603
5938
8982
10997
11811
11164
13338
10343
15210
15688
10826
5468
12651
5017
8463
7628
10731
1852
6296
10710
14889
2909
6235
2602
6297
10533
7974
16114
1552
5053
11177
11861
6918
8088
11817
7423
7939
10812
4331
12316
14087
14517
13712
2686
3287
11397
10550
6504
8436
9731
5761
15464
11955
12153
992
15646
9141
1260
12771
16207
10247
13638
16346
3282
12266
3454
7627
5881
196
4535
13856
11542
2589
9222
11446
3917
3161
7309
962
15272
1461
9441
12386
14397
10567
6877
11630
8825
2650
13731
9721
307
1359
9500
7823
16030
15563
8669
8502
6210
7130
3995
11754
15593
7080
2438
7711
5367
1486
3827
9412
9231
11405
14221
4057
3006
9869
10276
3979
14802
12263
6237
4240
6802
12976
2071
14039
2187
12349
4463
128
919
11573
9482
6680
5968
16249
12742
1303
14296
288
14699
12303
6690
16028
430
6451
7333
8614
8017
3978
5257
3031
967
2039
3880
13118
4406
14593
15141
9944
14534
5116
4725
3305
8621
11134
13939
10823
15960
7955
9579
15391
7072
8508
14558
7296
3955
6403
14653
9281
16035
9254
5157
4705
7581
9569
10127
10699
1504
13575
6454
13308
12910
15442
11108
9399
12726
8428
8166
10732
1954
11963
14980
8863
5819
2508
3882
3484
14379
8127
3277
5461
546
5529
804
14593
8387
14819
11301
5780
15864
6794
15226
7043
11432
1371
6060
12032
3740
7150
6423
16238
16005
7469
8944
9294
4798
13571
7056
10660
8046
701
4722
1645
14215
15191
3523
8681
6898
16304
5280
3478
12089
8013
16251
9353
14557
15797
16100
6221
14972
6405
8650
8276
6925
6947
12841
3889
8017
10740
193
14689
1661
7897
6233
2778
9475
6532
1563
951
1137
1487
877
1136
2277
15651
3306
14977
727
15522
13882
1432
10211
6995
5398
15233
167
3304
12331
4429
5624
1211
9489
2958
4677
12053
11740
10390
2122
11263
14282
11812
9022
7254
7765
15839
13846
6366
9567
4698
13021
3740
8553
3065
4890
14570
538
6639
25
4177
11213
15652
12950
11450
9282
5166
10581
13776
13364
6350
7636
2966
8802
15805
9509
11496
10786
15715
13937
15185
14867
10420
11934
8297
14609
11686
12475
9981
710
15841
2100
15420
9663
13755
10406
1290
6464
9364
8530
14740
2865
16286
2520
6789
3473
2988
15893
14371
12901
2823
13225
16210
11535
15738
3017
12655
5613
12510
8358
7422
450
2429
11670
1972
15728
4242
5962
8117
14312
10979
8727
13840
8104
15634
5059
3990
14412
2599
10707
14438
10360
10369
11969
8844
10947
1892
13002
14012
9724
16055
14053
5752
15149
6080
9477
13446
263
11647
3451
2852
2741
8634
1798
10195
3006
11763
5010
8231
907
4732
1283
11976
14883
8082
13809
5416
1307
14993
14057
2779
14517
2576
14978
6766
14971
2938
13101
2096
12091
4676
3659
1289
12738
3186
10233
7856
11730
3010
7486
11260
15527
11251
3057
8724
8637
8647
9119
10918
12359
9541
3184
8717
5144
5865
1435
1674
12244
6127
8146
15762
12312
15169
4785
5954
4746
1996
7334
2205
12261
6103
2438
2299
5389
11596
1391
5534
4189
13961
473
2136
1152
977
11387
14163
7240
4463
8689
6442
2407
163
3102
8865
10291
14713
4439
5334
11682
5220
3083
8891
96
14975
12385
3543
3686
383
5509
8185
5420
3915
4115
230
11007
5036
9109
13997
2097
5625
8888
367
11459
12766
14371
12241
6545
15371
5448
5373
15189
5317
11838
11659
12482
893
4426
4248
8805
9543
4022
2555
6354
10361
12696
550
15709
12030
5467
11376
13962
4141
9109
4878
1367
2658
9075
5160
7967
14534
4506
4198
8107
6802
16286
1512
3358
9290
6920
5622
11189
1933
6415
4059
5669
8293
622
7855
11772
12891
4001
1849
14342
9413
14221
2892
9686
2753
15092
14415
15444
906
8461
10063
13899
3412
12482
12236
5831
2189
5646
14705
7255
12990
6664
9247
9045
4587
1261
3332
9776
8461
10471
8323
12178
4394
2313
1088
11567
4058
10495
11567
816
15209
573
16302
16246
6080
5646
1135
2562
16122
14081
433
10451
4014
9597
11265
7850
13011
10899
8362
15004
6997
10593
15749
16158
8927
13688
9372
4187
12883
12604
11290
14451
9219
3871
3370
2228
13392
1205
3613
7649
6020
16246
7582
13278
14488
7199
15852
5741
7362
10545
4966
15314
1911
5268
1186
14941
9388
6508
6439
14467
14571
14408
12828
14465
16185
15324
10995
12785
9112
11679
15372
7607
4718
15683
9120
12017
727
4400
6034
3328
5046
4992
8335
3710
11030
6551
11040
1430
5518
12698
12403
15335
5860
1972
2145
7981
11538
2247
2793
7998
10124
5293
6983
14543
6355
10296
12119
8857
716
1423
13975
13416
15264
1835
8078
13386
1695
14740
5962
891
12867
15153
10620
3681
3947
3881
11327
13258
14199
2023
13196
2823
11963
3269
4638
8006
5178
776
4531
13415
11277
14325
13491
7234
14621
3120
3722
79
53
511
12632
5153
15121
10639
12532
7777
13226
6523
9059
14000
15076
3459
15179
14931
13998
5539
2352
7098
12449
5902
1820
2691
4143
4976
9719
14022
6335
15593
4120
9451
9051
13100
2009
10018
4247
9787
15712
11418
5695
14511
10135
7817
1734
4355
14091
2693
2360
10433
2978
1804
10631
14933
11114
5926
8276
3955
11969
2201
13470
8835
15534
10508
4630
5867
5503
455
10930
9010
12451
14721
531
5714
10687
5037
9735
12433
15234
10124
2292
12520
6112
10094
149
10322
8494
1587
14974
9637
7547
2463
11392
15501
5207
14452
987
15228
9465
6206
10562
4603
8370
15037
15273
12601
10348
1594
13857
13421
11437
14416
9426
11335
1268
12288
10485
659
5644
7635
14337
10355
11378
9637
3914
235
6602
986
1272
4534
7032
7287
8115
14883
3031
14804
5986
11864
14227
11359
7073
5321
7265
1001
12156
4562
5160
15780
14381
11504
15897
9583
14976
1492
2330
5188
4360
3306
12361
782
9079
11424
15738
12115
590
5796
13139
12013
15302
4738
13257
8250
15126
7438
12259
9422
3496
5607
4633
16230
7120
9216
3748
1572
12040
5479
5011
1725
13436
13652
8275
11689
5278
9711
5844
16210
11979
10103
7022
13465
14352
11656
11623
457
2913
3368
13650
116
15019
14574
2925
12592
10317
13267
12546
127
7416
1040
7692
12560
2449
10486
8232
4274
2307
8486
7416
2473
7230
14312
7175
5917
4448
1975
11320
3988
5471
6150
14616
6120
12173
1510
2769
10233
1114
3652
14675
8484
6506
9556
327
15866
9293
15965
1594
8010
6932
7682
13187
4434
6333
6051
6860
10639
3792
5814
15068
6309
5115
288
11241
2864
735
393
8205
995
3076
5610
13342
14320
12538
2695
1672
4334
1499
9786
6037
4304
15614
3911
12814
12139
1296
3830
9273
12796
2291
9184
9829
15161
3199
14665
8642
11784
6769
13655
3888
16305
10082
5000
7051
14866
6380
9673
15075
12448
5172
2217
11932
15635
1876
3663
2485
7247
16253
5730
13978
9010
4137
4622
9667
7319
9450
730
16178
14233
16166
4843
16023
5451
1666
385
7668
2978
3757
16287
10883
8088
12652
6848
4695
6654
15299
7170
827
2454
12049
16244
2131
1993
10819
13842
6345
885
10223
11414
8219
12360
14128
11395
10869
562
8166
14425
6380
706
8656
16189
4338
3302
16171
15756
3243
11508
1912
7341
14254
9181
4667
2677
13511
2711
3755
9476
4993
9825
5335
8066
1553
9832
11669
13620
7804
11092
12945
9771
15030
10740
5717
744
876
13878
12194
6848
5018
7723
6915
1138
16130
5172
6709
3503
11926
13890
617
13266
12330
9005
4049
7053
1585
16180
1592
2193
10481
10269
8131
12741
10187
4306
1321
8787
11926
676
12869
5053
2445
15790
13995
11833
11524
7027
8760
15916
755
16242
15771
6900
13062
11402
9299
10509
10782
12581
7885
6884
12269
12539
8305
13614
10380
151
12044
14799
6194
5748
8504
408
7131
10876
3089
1648
6364
1736
11440
12251
462
4661
6622
5052
2623
4134
15019
14939
12180
11554
3254
11611
10562
6554
10876
6621
6699
10750
15173
13048
9286
11458
16113
855
5774
6998
9710
13946
8889
15821
8010
8177
15353
14552
15456
11350
11644
6132
12162
9376
3393
9575
3385
2170
12898
9261
4014
4171
13302
10111
10490
13614
1670
13612
13052
9165
8694
6960
2462
9764
13639
11275
22
8164
8973
14651
7980
10646
9236
12537
564
5757
12482
15584
7434
10036
5180
17
6120
11862
9210
13708
9418
6355
10108
5478
786
5361
11086
999
4122
10263
11101
15674
9271
8821
15566
2221
8325
15063
10946
2506
10891
10786
9756
3878
1998
9428
3142
14587
5420
2318
9675
8089
13661
3512
15220
14045
10044
4129
14449
13491
7524
6108
14063
1569
13606
5531
3523
6822
10258
4550
7452
2012
228
13636
793
9049
11397
14767
5744
8710
3150
14849
11624
8207
13032
1550
6014
7670
6140
14736
8503
14146
16146
1958
5948
15741
9522
6889
13576
6716
3787
12861
16153
14761
5094
11108
12815
905
8758
5720
12616
15757
5393
11793
14054
9718
9765
5690
14848
1943
787
4547
1000
8222
15337
15327
6423
9466
7896
5223
13200
9930
2344
533
10532
1940
9349
214
1993
12912
6364
10699
3618
7713
2824
12603
2301
4153
611
13692
2110
14931
10763
6455
13799
7035
3481
5000
1367
12021
241
6759
9405
4139
16154
13182
15486
15958
14987
4904
4568
14351
1226
6103
7810
13555
1507
3131
2079
14868
3970
869
13900
12806
3612
12674
9229
10502
12962
4122
3825
9806
10858
4349
11140
9499
2668
10006
5327
14713
7946
14696
10656
7349
15085
12446
11140
14686
4891
3467
6868
15441
13744
9290
2464
11963
11479
335
4291
15325
7117
2174
176
5997
1085
14546
9997
14028
5276
1070
12071
12841
11715
11031
14927
4338
431
9123
7234
9588
4798
6583
7199
1136
9885
7690
5351
4825
9100
4184
11773
9918
9282
12860
12924
14948
13946
2699
7942
805
2515
13161
11278
11196
941
9963
3883
9724
14599
2742
1535
13462
15287
7562
12753
5323
1521
14281
236
10548
14606
8701
112
6588
14985
10929
4085
2219
14854
9976
2388
14101
504
9663
3964
11818
14676
14558
15022
14467
8659
34
5155
13666
7252
6400
16221
1461
2891
13788
15690
4433
10188
2271
1611
14488
10931
1155
13501
3737
13129
14648
7464
2141
453
13087
6222
12977
945
3109
8551
2681
2772
9188
3448
9905
14589
11119
9401
3891
8972
6343
2855
783
8786
9189
4794
15348
14843
1905
4462
331
6601
9584
4790
3473
14561
7762
931
11449
9119
13199
8895
7830
2750
9787
12020
12026
15462
9397
2519
14983
15546
11905
13741
5916
9908
1445
14539
5085
2697
6474
2163
12410
521
13424
13645
14320
10331
4387
2289
1873
5197
11183
1212
1753
3625
12504
8529
13906
13394
14971
9893
7768
11739
6413
10482
873
9586
12006
2944
5462
3353
4426
12148
14986
2896
8418
14645
6117
13356
2705
9898
925
7963
15323
10320
7823
8949
15083
3346
3120
225
7397
14518
1621
982
1326
13111
9922
7245
13694
8738
12273
551
769
10197
4969
14692
1109
8361
9793
1547
16125
6214
5799
1805
16092
15426
6217
135
8452
4790
4372
1606
6386
1744
7437
9456
5635
5759
10237
4006
6572
15035
4094
10382
10999
5731
15887
2686
13746
5243
9720
5809
5610
4693
8423
7767
16316
16264
16340
7286
14966
13670
2337
2263
14442
802
670
14777
5086
123
7841
2096
5065
2658
11461
4615
11421
14684
5980
8516
3219
10609
13794
3456
5368
3941
6316
230
2140
9988
783
4491
8969
13098
11869
9865
2489
13501
10266
10809
15054
14013
801
14058
7341
8497
10363
14689
5117
11994
14883
15189
6902
12945
1122
14902
9320
15156
11185
122
336
15263
12292
4246
10361
11073
5045
10502
9841
2993
5652
114
7598
10352
5490
6663
10196
1156
6371
7066
9714
5217
5630
7158
10426
14179
8582
12803
9997
13565
10671
2061
4590
7128
11755
6442
363
5453
151
11997
1757
12296
836
3639
9304
417
4599
16121
12420
1345
11726
10758
4259
3878
8355
11650
11133
13166
11491
3523
568
14186
1137
6000
8086
14309
4546
13846
12956
2235
11788
2048
11864
14376
1263
8840
6144
1448
1700
2914
2574
1401
8922
590
1990
61
4562
1077
8075
15097
6038
7470
8605
13388
3861
14219
5568
15644
11758
7766
10231
2722
2607
14161
10287
3686
12674
2464
10925
9732
9566
14128
4307
11371
14525
511
15401
2735
9436
4530
5410
5377
12999
3903
2042
4198
7608
551
10863
9861
15382
2236
2765
9289
10400
8942
11913
4935
2883
5424
12769
14051
3199
3600
16080
8143
8907
15481
13518
11055
12368
10116
805
11020
12491
65
9386
8928
9194
5332
6544
1414
7696
1518
13293
10799
12210
16211
11741
5389
1370
12037
9304
12250
6982
11271
8743
2548
12910
3921
15549
5178
1114
7068
669
426
10439
10813
1048
5594
5902
5249
11125
14256
14401
3701
10859
14683
10654
6016
9905
10959
8219
4388
14540
676
14948
13095
2288
8169
2353
9472
6647
4396
15679
2767
11699
8916
9682
8209
15681
12035
6503
9896
6632
5515
2140
9241
15417
15470
13921
850
10180
5249
3073
8199
5449
2445
4221
5246
4158
12904
1950
10042
4814
9056
15366
4293
13414
14103
15783
7014
15765
7605
8425
14862
14946
14564
8840
16210
10862
8369
2087
12746
6751
13841
4344
5047
10766
13536
13464
2584
12463
6902
5932
15768
14977
4996
996
1986
5366
7754
5299
12754
4430
3540
15226
16051
12953
10648
14645
8455
12174
2612
1169
8959
6085
11350
13984
3467
9896
13478
8728
10106
15178
8289
5770
13254
891
7192
4130
13130
6776
5146
2510
8968
7708
1887
2100
4454
5984
9235
11072
4840
11616
4911
1710
12334
8394
15545
11797
15092
784
2447
8683
668
15006
10937
1817
3198
5765
10048
9832
13025
5346
12563
4240
1458
7863
547
7705
8856
11083
8563
6707
12748
14996
2837
6677
5586
9755
6240
4386
6264
6534
15649
4979
9487
14617
14818
4906
806
13427
6865
13225
9434
12358
8634
10689
2838
4261
9257
1170
7033
5927
13738
1781
14143
13842
14536
9908
7533
6768
2274
1656
3375
11919
4670
6800
5324
11614
13822
7386
15046
9960
96
7935
14601
14999
16364
2877
14717
5391
11598
4403
8620
10238
12748
13471
1466
3647
14255
515
15670
5822
1804
11667
6314
10577
7388
15811
7617
10021
6218
2533
12737
4465
1776
1501
2571
8126
4861
11568
7575
2025
8218
2523
525
4807
13828
4457
5876
16258
14913
12675
1996
495
8645
8768
12993
5207
3853
311
15100
7803
2199
12432
3439
7239
12860
2617
1471
799
2372
2409
10282
12518
7697
8256
11283
9798
12126
14988
9864
13781
5838
12330
15810
5641
11332
4000
269
13914
366
1667
10614
14356
11649
8788
14627
3960
915
9190
7554
13502
2767
5477
15821
14320
15753
16098
1477
4533
11738
4034
11301
10818
8972
6061
1743
9474
12246
10149
7953
3449
8070
6109
7336
5611
3441
6284
8271
7617
9858
5427
2528
2253
12791
15477
989
15523
9882
3802
7219
13647
3363
733
3878
2860
10239
10881
6394
14484
11644
8312
5307
13360
8258
13992
14117
15310
11719
333
9852
13384
15626
868
3455
5358
8152
5480
14572
2404
8413
4165
5346
13032
12088
3351
7060
1793
12009
13170
6234
8769
3089
7319
4619
1972
10517
2095
15350
14683
4809
6680
13442
981
9159
2523
13067
7269
14157
15590
8085
15364
1572
860
750
12872
15978
16166
6893
6502
5557
5302
677
14111
7072
5924
3592
14073
5432
13297
12039
13733
9156
2003
5055
7702
4124
3431
2080
1779
6879
8644
6857
5442
9192
1164
16203
5358
5648
8176
14378
7231
1841
4607
9525
8166
13437
11758
2345
10231
14089
2625
15951
11664
4892
6954
4654
305
9075
4633
11436
5980
1947
14489
13444
1160
9074
7394
13637
6143
15454
6908
10135
12548
7386
15751
10757
10693
11408
6270
15883
14839
9250
13607
7893
3591
3501
4412
1552
12277
7311
14077
9610
2658
13938
6214
13235
12674
1331
7946
14238
6691
6088
3410
14450
15451
13972
16315
2065
4180
6488
12072
11051
2222
15114
1777
3921
3927
1441
4863
12691
10448
1040
15256
677
13706
4121
14018
8499
13837
13945
15057
1436
8881
386
14415
15134
15169
245
10734
15399
191
1243
3035
6095
9587
3471
13702
7191
15229
14306
8875
4308
6119
15651
10889
15494
9445
4470
15936
4729
16052
11545
14687
11987
4910
1732
6245
5229
13621
9515
5752
11261
10074
12376
12223
5104
4282
10405
11370
167
4106
6994
949
15619
5071
8919
10505
7703
4313
4678
11315
247
1778
12240
5630
3514
11944
13139
8263
8519
15006
15543
6421
11743
931
8039
15267
3002
89
1135
1017
9375
13899
5903
5012
2042
3056
10306
3663
16341
14584
13024
7073
4839
8829
9212
892
14400
8802
5632
14812
1738
5723
15249
11695
4522
3776
14342
3456
8137
4717
14832
12760
5076
11745
10417
6741
12224
6453
10637
3452
6687
9869
6466
9943
5520
15961
5403
5673
13323
9586
8258
1316
14228
6042
11720
15649
3445
12407
13660
862
16163
2282
197
79
11344
10093
2525
10604
6699
14009
4812
6338
12455
2375
5335
15327
8192
10564
14205
2207
13817
15021
3162
9603
3988
4888
1954
15700
6424
13774
3309
7633
6112
13845
81
4457
2657
1525
12910
732
3914
13707
14685
11052
13346
4620
2152
14646
13843
1616
7343
9995
8414
1588
8495
5926
10777
5198
8683
1639
2867
1295
11546
12452
6959
4563
1615
8009
14274
10833
3055
12624
3421
6395
12981
1967
13145
9712
14977
15725
6236
7848
5398
14610
3011
3299
11779
14337
1501
12746
14478
4774
2809
4043
11035
10309
8188
3312
7047
7860
8027
9237
789
10219
4480
862
3187
12654
15110
5954
5058
11692
139
7466
6732
6327
3483
9002
4955
5723
13999
13604
13318
16345
8187
13482
7952
7113
5777
6590
4593
13234
8457
11774
7008
7493
3925
265
1951
9407
4151
6755
13973
10985
14541
13008
3223
13596
10054
5867
7578
10317
2403
10264
6296
16376
16364
10181
11245
10815
4676
10352
11749
9146
11149
16242
9253
7059
1211
193
2640
15369
7061
702
13743
10368
5070
7180
5417
2422
12452
5303
15640
809
13132
2351
2719
153
10941
3067
4855
8318
7155
8636
6995
5630
12490
15315
15720
14673
3840
15757
12507
12361
11003
7511
6602
5458
9664
15422
8101
5079
11331
8446
6413
2311
7222
306
12338
310
9342
6831
11956
1548
14837
4399
9506
8823
12378
12216
13561
1039
10807
8930
15751
4528
9622
7050
11825
3142
7155
3651
7093
12391
12910
8430
10889
10027
11897
6661
2701
225
12296
893
8426
15752
15407
9361
6180
206
5203
12121
4699
488
13419
7465
6609
6667
11600
5117
6383
10677
15002
4311
14541
836
5034
11086
940
10162
7527
13092
7538
7267
1884
9506
14108
3848
10643
695
14797
912
1426
13349
7875
11723
11617
11176
10934
3748
3833
3594
4218
3696
15565
1779
14359
12920
122
16096
2099
9478
6456
8748
15562
7856
12642
163
3426
15777
4385
3601
9670
13682
10208
5954
3868
12053
220
8827
664
15180
5545
14044
2645
1988
10637
8736
16051
1794
388
13940
2773
12459
7088
15687
14507
12371
8294
12784
4402
13362
14678
3792
4352
4461
4397
8756
5638
13536
1816
8159
14180
11425
15618
13993
15937
11699
1881
13426
11121
1644
15777
13607
4650
16224
11816
13837
8225
4740
37
3041
7925
1992
2408
12556
4417
749
11621
9944
16223
11915
13872
1063
15496
4885
10270
8366
6082
5096
1702
2540
1331
10945
2403
2315
4274
10363
5892
13298
882
933
683
5726
14184
6313
14978
10529
1417
7382
5310
5313
4257
11666
8755
517
1665
2959
13071
11359
5414
3322
9404
10720
8683
4149
4489
5311
13294
2654
11974
6901
11812
3199
2801
2075
9700
9112
11093
834
13765
14822
12676
5862
6752
3763
8937
668
15748
3102
8795
15722
9171
16286
14877
4516
2627
4520
14771
6732
7278
2990
4045
10234
7749
15847
1024
4981
15895
6067
8159
4232
3426
2143
7748
6091
16278
10891
3097
4421
8138
13242
9354
7039
9013
5243
8409
13040
2563
10515
14901
8754
1958
12526
1951
7140
10635
4716
9397
13770
10041
12396
2165
482
13870
7407
10926
1003
11086
11863
12041
6803
14508
9693
14238
13490
3872
9170
12486
2087
15825
2245
5923
9888
3701
6285
3576
7926
13214
3215
11252
14190
3237
13134
9087
244
8465
12849
12752
8591
1209
4036
138
15419
13654
13466
12963
2248
14115
5682
3603
8758
543
9534
13061
14130
7526
4320
7206
15462
5615
15207
3522
14950
11148
8028
6383
12684
12904
5588
9599
159
13385
14422
11044
14020
7805
1355
15306
2123
8985
10193
16105
9190
6688
11152
7623
12329
6542
673
12229
11491
554
1930
8094
15257
9761
2060
16239
6633
3481
8250
3116
9386
11730
8916
6120
9016
14762
8875
11884
554
14016
2299
10673
13496
6019
7304
14781
12566
14483
14432
128
3069
3356
6091
15707
15533
4650
14044
619
5628
10898
12825
4793
11398
6597
11111
14934
839
13858
6171
9775
11499
11098
4442
9228
12582
7743
1502
10656
8708
15180
8317
1657
722
8098
12466
9276
10894
12254
10608
12134
4382
4493
12119
4969
5149
1172
6665
17
4310
7155
4328
7798
1124
2503
5408
902
13915
4764
264
3420
13553
57
568
547
832
8452
580
11154
11543
2426
7691
12234
15378
11417
15908
15365
4912
12762
8331
9389
11082
15464
5424
3629
6893
305
7955
4207
9518
8630
15581
3433
13187
12523
9840
12622
680
15074
13600
13662
2964
5272
11381
10382
2886
3026
3099
9966
1496
12154
9538
2175
6307
6042
7258
13116
7494
9476
4348
8551
16148
3344
8761
4039
7732
5417
12279
9481
11222
5437
5021
10939
7289
8416
8892
2645
10888
15388
8537
11241
4478
9983
13653
1877
946
16195
14176
14580
12665
707
15629
3937
1330
11503
193
2517
9435
9433
13793
3730
9707
9385
3387
6448
4747
2271
9644
13826
14548
9022
6653
2376
1270
139
9631
13838
7629
13688
4654
5093
5751
1307
980
13045
4095
6518
11413
8399
5827
6917
12561
7713
15582
4590
6151
3944
11069
13812
15213
11299
12285
2003
803
6172
8106
3754
13946
12997
8813
1832
11415
4053
12009
7677
16382
5286
14919
12207
10537
6474
14251
13479
11402
5328
4335
15837
10940
13590
9180
6497
5691
14761
12944
9057
7148
10741
7822
10244
15521
9364
6426
9281
5925
5750
14392
1269
16179
3081
4530
14310
11357
7675
10322
10660
1098
13956
5203
7220
3773
666
6887
9560
1945
3219
11365
13679
14474
12458
10195
7087
474
13580
10675
12829
15370
15622
13685
12147
2543
8615
8989
10783
14335
12767
12277
6533
16127
8897
2818
9609
14007
15665
128
12123
5799
7184
7456
12375
14202
13464
6223
13776
314
4364
12164
16017
1255
8964
8329
12158
9847
536
5800
9422
2001
3319
5686
3750
4709
16284
5695
14741
16243
11001
8110
4343
16008
13847
15788
13914
12598
14920
11944
14064
10971
12296
5781
9712
5487
2983
12851
10812
8045
10757
1013
11392
8816
15338
16090
11256
9159
2259
11150
1085
13416
8323
8322
16003
10147
11507
14088
3302
2571
10869
3403
9556
1178
5947
6596
13552
13134
4055
2726
3485
2913
11960
9224
2437
14692
6515
14811
11977
7199
6772
1247
15665
2805
15237
684
5394
10914
7418
12431
148
15359
1057
12298
3426
5459
9486
5102
3803
7386
4228
13986
9994
7605
2063
5314
13647
2537
6536
8089
1194
11201
15856
2506
13305
14075
8363
6373
11404
12057
15413
9849
7420
1781
8316
5939
9144
2987
12135
10824
12990
11431
3908
14212
5486
461
2609
10413
8199
8295
99
6478
8316
15199
5535
8515
15052
7589
7092
11857
2199
466
12916
16121
11842
6296
13890
5315
2075
2363
1323
2473
13204
11245
6694
5396
15594
11924
5140
10360
6788
10788
8484
1175
6957
6190
10468
1121
14038
8391
9834
8203
9347
255
3449
6765
13467
2994
12631
15185
8562
14698
14181
12130
2050
12544
15967
3112
11475
6283
9414
11820
3775
3735
10476
11922
2953
6830
206
839
13959
9648
7713
13080
6192
4629
1317
11223
12533
6365
6659
12378
3443
575
12530
4867
7737
10872
9558
798
11940
14367
4193
15691
15556
4247
7476
6128
107
4890
2334
9251
13182
843
3557
15315
13923
518
7100
9478
9933
15286
14246
5433
10446
5072
12494
2283
15144
10903
16354
10533
9039
9492
7509
9490
13063
10346
5869
9919
1709
11523
2971
6735
14896
962
3326
16282
12439
4253
1170
3797
7673
569
4606
2022
4075
10440
23
7907
853
6193
9139
3025
9648
2811
15784
11199
5099
3397
350
12435
12941
566
15237
3614
8120
11898
5412
5440
12196
7485
6588
4615
1974
1110
15985
4553
14359
6727
15629
11032
4552
892
8679
12662
9884
9612
15307
10806
3295
1938
13568
8800
15153
14033
2301
15192
1371
1963
9860
12966
5986
1888
5575
13889
3585
2211
922
10154
7150
13102
8145
15092
10811
5595
2228
5503
13632
12063
14455
15672
5061
10987
1405
16084
2051
10863
1018
11451
5234
6733
147
4716
6955
7007
7848
9488
13036
316
2300
8631
9599
7858
4094
9055
13370
5135
10375
9055
2995
11416
4772
1737
2821
7250
11222
14933
8318
8616
3870
4375
8032
16233
12259
6640
8515
22
11538
7344
1371
4109
6233
7797
10566
1792
4945
9526
7259
13230
989
15554
10418
12244
1109
5092
1110
11725
601
16242
16119
4119
5256
6027
16164
731
4502
259
3649
15639
11713
10067
6796
7807
9486
5326
12271
8316
13947
8880
13861
10535
1129
10294
3490
10134
7318
7642
4133
2561
11861
5912
8154
10363
4952
10018
15171
1049
5780
3870
8603
5900
2157
10707
14272
2100
270
224
3155
8793
2852
13415
12665
4146
13215
16011
15086
11486
10681
8476
3960
9173
14817
1543
10101
10005
15329
7489
16351
8168
10347
6603
9349
269
2051
11659
5137
16078
9432
11725
3245
13522
10811
15680
9579
7353
11934
3973
4350
16256
5544
12448
1923
2481
13824
6339
5399
15313
15468
2171
15932
8430
11793
6336
14967
2787
11701
15973
2855
2010
11247
8450
5636
5672
3887
464
6476
11906
12892
3928
15102
5369
6667
1051
11553
637
11145
14587
2645
16242
8896
4591
9583
15210
6382
14335
14364
12957
3186
8956
7065
5585
14318
10644
10416
11655
5461
6463
2205
12225
6127
1276
15022
2591
12780
11864
204
9819
15384
12589
14416
13814
9062
10355
11558
9052
8148
4050
8730
6194
13110
11093
1596
13790
1065
11843
4918
859
12239
825
3065
10678
3162
13584
2907
5903
12382
4223
1325
13345
14101
13595
6741
5750
9230
11450
11569
10595
3818
5669
11785
14249
9821
4562
8123
11825
1615
715
14865
14115
6163
11984
1403
3831
9037
9991
8484
7127
8956
8167
545
12096
15732
16084
15126
1883
1245
5045
6151
10848
9986
2547
6854
3427
2622
6708
4635
3549
6152
14680
2680
4155
15181
432
15784
7076
5772
7881
5883
2586
13447
5874
4453
8976
3843
1438
3542
15388
8423
5575
6304
9757
1369
16158
11825
15774
9396
4445
5252
15713
2550
3156
1902
11274
12973
13899
5999
2549
14823
16261
1616
12836
12567
2607
9165
5054
4380
8639
10265
6084
14441
1180
196
13663
4741
2243
11848
11624
13142
9678
16239
7293
15922
8393
3729
2011
4258
9661
9214
317
5767
15520
6446
14322
1949
9402
13811
16037
14153
15853
13836
14239
8776
9621
655
2327
2933
6769
3351
9140
9447
15277
3517
8519
12041
3195
6457
14192
670
11392
11925
12114
5666
3068
2189
6597
13141
13284
1688
12228
3798
6157
2632
5708
1665
12101
3997
1813
7534
11537
4162
8872
8198
11638
7327
3679
199
16334
6059
2559
13975
4210
12565
9089
3173
2084
16139
13259
7965
12689
14670
3999
6009
1069
966
4136
12902
10198
10695
851
6376
12379
12876
10038
10418
1266
10066
14235
13568
140
10758
10798
15710
2379
6001
8607
8884
8602
12671
2065
11434
4017
2164
3919
4008
12877
12449
16271
13761
8358
4541
6051
3719
5786
5696
10679
6128
11783
5041
16337
13500
8486
7034
13520
2135
7328
11623
6657
16348
11072
12967
610
14894
10753
12810
5221
14232
7187
10222
4290
14436
7484
15809
15370
15677
2776
15168
2394
14320
7432
11718
15795
12224
5826
2099
4428
10354
11043
14827
5051
5883
6074
9349
5846
7021
13279
4731
4372
2062
13681
15267
12073
14912
16092
7350
5835
8595
16110
809
3229
13573
8114
8577
9347
14025
3705
11888
11412
12546
7896
13227
7807
13955
2851
7726
8086
5587
2172
4484
5192
10781
15884
3594
7622
3484
6163
980
14763
11017
9261
15621
803
13906
608
16097
8807
9640
14700
15583
9362
14534
476
5406
14668
12676
2917
8946
14055
5127
4766
1661
1281
10489
890
4797
8752
9657
13490
5725
11038
4659
10877
14086
15838
12352
14568
6761
2884
14083
10127
5592
7929
9874
8980
10527
10347
9786
800
2464
10764
6125
150
10335
3143
8786
1390
15556
12210
12953
11493
3405
9644
11920
3875
6316
9686
2457
12472
11492
3075
6950
12430
15650
416
1022
1434
12960
12195
10509
8818
15292
8749
10887
11130
14711
571
9416
8372
13369
11123
6588
3135
9009
7918
13376
11911
7792
7568
12117
714
2511
8039
10613
15068
7180
5629
6600
9754
7666
9696
4523
15925
8190
5242
7347
5307
14806
6791
14979
2653
5401
7301
14016
15778
945
5796
3592
4425
7929
11527
15868
7542
504
6355
13602
679
3296
3497
12502
9344
6929
11400
9956
7992
9423
13982
14381
3796
14505
11290
5795
7352
4103
15839
5012
9362
4570
2775
5046
9541
12873
13237
1704
1155
5996
14365
10258
715
1670
3802
16111
9154
12176
14606
540
14730
8280
7852
9076
8308
3325
1688
16026
15500
2533
14168
422
10865
14064
10479
4975
12471
11763
5653
15835
10732
14556
292
11847
15072
3880
1259
16248
13921
10282
2905
5742
8489
11026
4079
2860
11204
3724
13146
5736
4423
2
7310
11461
9760
11436
4162
675
11709
1225
1692
4198
6321
10590
1823
1154
4736
641
7690
7628
13260
14358
14745
2446
12151
5063
12205
13125
16030
10436
3199
9986
11065
10195
3105
12101
14832
7866
9644
6886
3626
12598
6510
7351
11305
12
11630
11560
3765
11875
12653
12789
10440
7469
10142
7399
11184
13096
6736
8887
7624
13321
6133
14658
6058
11351
16119
15846
15758
9214
6433
1899
15247
10492
12832
11193
10024
13702
4554
15873
10196
386
1241
702
6019
5844
5285
11596
13145
2078
13584
8399
534
15510
11436
4127
6611
4826
10078
5189
1581
273
1736
8083
4049
11640
8066
11711
13810
6650
14137
12176
13706
8497
7112
3201
1559
8306
3159
12514
1404
16302
594
5624
427
15488
1010
1754
2860
6782
13888
9838
6279
13384
14301
3318
12044
9496
6651
15780
2213
14351
3125
10115
1310
5835
2038
3178
2826
2917
7399
12447
582
6331
11199
3987
4591
14148
7409
5001
813
15711
4381
14245
5429
1232
5532
4158
13786
9563
591
1845
11317
12816
11407
8813
11621
13298
3093
10584
9688
14542
7371
7143
5961
9660
9213
11869
15659
15275
4683
4565
9821
10337
7152
2155
15945
10856
651
4115
9263
10156
9716
11280
12632
3034
15844
1201
1528
8464
3654
5408
930
1503
15337
14293
9263
11776
8297
14944
5789
5488
7154
5670
7326
10844
2776
8300
13266
599
1915
2731
11629
5253
12035
6380
2122
5876
3845
5026
6403
1628
14333
4993
1474
10462
5669
13861
12766
6419
3003
15003
6952
8589
2808
1624
11054
11378
15520
13430
3396
15015
5000
5804
1701
678
15073
3883
9226
14570
792
7084
4285
5494
15463
950
14715
6496
4168
15637
8875
11323
9546
2464
1947
6565
14240
1548
14882
3350
6591
3098
3832
15697
11929
11187
1639
4936
5678
9913
3059
15043
14896
4776
15986
1538
6691
9614
4208
14125
10552
14413
13575
8901
11910
15157
6207
13314
9646
3957
5773
6037
1543
11971
4154
2551
3378
3294
14991
11977
847
9933
7012
1864
8509
6244
248
2715
1391
10428
15526
4146
9694
3487
3454
9103
7831
3967
12573
12449
2258
12264
1442
14098
2607
6590
8042
5669
9055
5664
10299
15237
14532
15176
4415
11960
14719
3096
15625
12935
8836
14585
6790
2224
2821
3456
12344
6701
2200
10155
16128
10188
15986
15134
5652
15830
10728
14082
1803
7282
10689
5728
6944
8182
9816
9445
3409
5450
1276
4410
9382
9313
2295
9380
11171
6436
7965
3554
2490
9339
1676
13544
8276
6571
10204
8295
7166
8794
11214
999
1605
8742
1075
3563
24
3753
5346
15413
7470
11836
7069
12183
14220
15530
1427
16232
15249
11613
11361
9879
1372
4055
9015
6775
11189
3868
6960
12176
10336
6240
8250
12310
15364
9595
3097
8544
13868
11268
2229
14511
10856
13601
7575
13643
2588
15156
10607
181
9138
9420
14809
3205
5241
1975
15598
5996
5019
2123
13096
1617
13652
11307
9623
14912
14524
2155
14835
8368
1624
7447
13025
13567
785
8605
7056
5063
2900
815
13868
1328
5730
3289
2385
14719
4219
5049
10284
14113
16323
11431
2789
14459
5275
9428
14995
5866
16295
6122
12869
1330
971
244
1067
14627
13627
13
11667
741
10128
1476
6747
1147
10107
12810
2572
3055
9253
8515
13596
6160
2566
14584
12323
7058
6891
14628
677
5536
15655
13476
447
3002
7638
7125
1695
310
6727
1125
14666
11385
3946
11039
2151
8949
2333
13482
6755
13100
5424
7930
1134
16048
11926
494
11733
10985
6156
11391
5382
7807
9776
8916
7163
5370
13270
7367
616
9863
6556
7061
2464
2131
11317
9373
16332
9161
7547
4682
9697
13809
15830
1742
13822
8738
705
11510
4210
6035
5859
1324
4205
2401
7118
5586
4165
6009
6207
5816
6009
11752
3992
468
11961
1323
1192
15175
9034
10575
4382
1963
10884
8767
15957
6354
3347
14130
5277
9036
4995
5080
4194
5455
12959
5459
15380
8796
13235
6841
490
16082
10948
2569
12134
5295
10496
144
3242
13042
15557
2145
9188
9036
15670
5732
15140
1253
14916
2408
3200
10940
15702
5469
7813
13252
5068
3859
7996
10103
14497
2563
14965
8785
9573
6118
11722
14598
2654
8411
8438
3886
7484
9003
13573
6217
8382
15304
16380
15958
12721
8109
11666
4827
14356
11048
12392
956
913
10306
5361
5548
15075
13032
10112
621
2721
9552
15427
4012
12727
7783
1913
12541
12248
13676
1942
2708
8092
5101
2432
3366
4077
1717
10715
5775
3137
2535
5230
6511
10786
2852
5015
3410
7431
3091
10242
3901
1559
6175
15770
8774
6967
794
13393
5068
3749
10328
3092
7448
8453
1757
4454
13243
15695
16349
2721
244
16104
7047
14251
5644
8674
13628
15034
7324
6593
8607
14594
15072
5118
5269
15563
7130
15575
12086
15079
6388
13785
7270
259
13075
10871
11303
7790
12025
68
3009
11526
3402
8145
10035
5279
15285
6855
8377
344
1488
1036
8944
15356
8655
7089
10654
6956
5557
7943
5641
776
5524
5107
3764
10361
8059
1938
3868
11270
2790
4753
15680
13034
16095
7937
3691
3182
4548
5631
13242
11397
9805
8380
6490
1158
1643
10260
4207
14332
2256
155
9181
11433
2814
16382
12586
10878
7390
1297
15095
6344
1576
3066
487
4704
8953
1659
11237
16231
5728
15330
9723
12524
4902
14031
16384
8544
1418
5952
7049
4001
14937
15076
5287
1242
9821
11499
2761
6054
15845
11556
11154
7773
2234
14845
12293
10208
794
4873
10665
5017
12120
1945
10010
11330
9306
13666
8239
2984
2758
243
5156
7275
731
14014
834
15040
11899
8155
5313
11575
14008
5038
6112
7531
13752
4013
3369
3706
1311
15818
7535
2896
10750
11695
13215
1740
6571
14177
8128
11084
16223
14987
13641
419
15913
5814
10401
14280
252
3508
2268
8234
979
14431
7692
7379
553
1241
9537
16138
7209
1223
7196
13566
5812
3154
4136
189
1987
1254
578
10167
1717
11773
14843
2868
3295
2211
7273
5194
15153
11021
11632
8990
1791
11071
13420
652
8386
15945
9596
13635
8259
15185
15302
6048
1426
16282
5603
12939
3938
12802
6317
8159
14330
5533
5596
7005
11184
5432
7055
288
10942
11691
14949
14033
1524
7011
1842
4465
15858
7388
11210
12741
2508
4606
8344
15287
918
14866
210
8139
6510
13833
5423
6807
12495
1880
3944
8228
9453
3737
4526
8850
1536
12741
6913
6557
12717
13225
9949
12112
617
5149
5100
11367
5555
15722
14437
600
14945
9029
5656
14563
14795
15814
11710
1140
15150
3389
15666
7395
10041
6338
12538
12576
8323
14104
8253
5570
13453
11273
12761
1227
4657
2452
16096
3508
805
6816
16009
7799
3999
12555
89
2728
12410
12025
15078
6457
12907
6127
1
9304
10878
4332
3446
10458
100
16270
561
8754
2188
1761
3113
3376
2353
12463
10806
14216
7943
5374
5303
13447
1849
2782
3335
1537
13651
1614
4862
13625
6462
3912
25
14392
1101
6777
8417
9567
3580
12876
5509
745
14381
5743
10097
14213
4448
11724
267
10684
10543
11173
6470
10565
7502
2112
819
15543
1243
8647
6991
862
5787
4737
8822
648
6156
16131
848
15588
328
12609
7350
14108
13424
1376
1634
14811
8737
3763
10217
1641
14407
6660
9289
13011
5523
11053
15942
9500
14462
4031
1954
16080
1454
11706
3731
15261
14095
3713
1753
12611
7514
6292
5814
9484
14257
5737
5417
11195
9196
2005
12311
3762
13539
15095
11097
417
11047
7814
7805
11505
1124
2791
9944
736
13235
10469
15333
3031
11400
6099
13190
8042
15087
5391
12349
14984
2565
16087
14005
12098
3479
15378
9648
5750
8783
10638
16251
11442
15164
2045
11920
13660
13896
3386
209
14286
4353
11326
10871
3889
7807
12001
5023
5923
7921
9019
9198
874
4092
2536
1905
5791
1387
14383
2683
15273
9538
4216
4711
2045
262
7903
9746
7090
3609
5242
8279
13959
14133
6062
10315
10028
9562
12348
14212
12463
5988
12676
2092
5788
12711
1432
12281
487
8717
1450
15129
15117
4943
473
11041
1438
10514
13923
4800
4550
11624
5479
8813
11834
6174
8987
1577
2332
9696
15853
12185
14714
15528
13539
10345
15702
656
14725
14356
2310
6940
12054
6503
7503
562
4125
7853
313
5677
16308
10373
5155
10195
2760
10976
2736
7630
12910
4683
8607
3892
2666
12826
15006
5116
3067
2664
5448
7125
13167
2797
15944
4016
6935
14510
13611
54
9386
6158
428
3268
12150
4410
5280
16057
13025
12003
11214
1726
11701
9663
6802
13224
1768
8793
13701
3190
12380
12719
10429
6713
12686
12538
2759
6475
7206
10904
7484
15160
12754
4298
15160
4056
13236
4859
6640
11775
1963
7761
5323
11935
5015
15315
10491
4952
14520
6538
1492
7544
11405
386