10327
3337
25590
26175
28590
5170
26867
30498
5547
14596
12667
20938
32625
11911
21165
19701
7314
22786
13182
5477
662
21840
31930
14068
25112
3834
26037
28213
17205
10907
11455
22095
10841
1656
201
25052
18849
19838
4076
11282
28028
10860
11468
12385
14297
815
31044
30797
31019
29492
14436
16298
4130
6376
31372
31700
26992
28867
28774
3576
16189
16516
1501
5948
17403
26105
22031
7472
1862
7834
28494
11317
23538
8575
9673
5797
5978
16870
10207
4744
27508
21411
21895
16290
6901
7843
30938
25121
23544
13681
11101
30292
26596
16459
17378
18968
25447
7803
6899
19723
4471
6940
9101
4329
8237
31777
2825
32753
2011
2718
31496
23483
28192
5351
17869
20043
18132
2282
16003
3166
5214
28122
17314
27296
3267
24372
2203
27283
22820
16464
18380
27227
27543
645
27529
32744
5453
29427
2309
15148
21063
28011
27558
23212
31463
26253
22942
17672
11071
1980
4401
7970
32528
30146
2301
31688
19262
34
9293
7542
9517
17693
11752
28536
26877
17507
26723
3885
7686
11440
26268
19814
30837
25410
3330
32758
10751
27857
7881
14126
27425
9859
25900
1653
17126
4787
26038
26494
15127
12387
4477
12146
16012
30523
11005
14013
25458
29666
16009
1931
5032
1713
22748
684
2879
7145
23441
32242
27163
11563
18952
23827
20610
18625
22700
21841
17130
5200
24869
1793
8774
22667
18442
10824
2834
22280
19203
7720
14695
20443
12023
5728
16169
11088
19291
24705
20374
29861
30564
4620
8411
20855
28389
27243
14881
18867
7702
29845
14801
28785
5218
9183
4867
29057
10483
24004
28403
21130
14822
31894
26458
12679
14986
3669
5866
5485
5560
4728
16072
7665
21308
31308
26149
26355
9306
31366
383
25098
8261
4579
17501
1386
9502
21165
27117
6037
18031
8532
28397
4913
16320
26704
1313
27016
6086
3421
29728
7909
32755
29632
12737
14345
26496
25066
11466
11980
9388
17057
26805
504
10903
21717
15439
1322
24852
30992
6268
17614
13535
22410
8283
30941
13368
26004
30139
30992
30084
3590
838
16645
13979
11745
27593
27855
16597
25718
26653
27751
21460
8277
29943
31462
21393
10405
11818
4034
3425
26639
25716
11534
13049
23787
22784
11905
1311
8731
255
9145
12833
9928
21288
32493
31695
32756
8137
30285
19024
18141
15621
19801
2894
29488
13727
16815
5584
29025
22819
5416
9557
19201
27219
23291
10585
3636
30722
17216
27074
30618
9448
32399
14007
11817
8799
21414
11832
27537
21780
11229
447
22257
4967
765
17347
25673
28577
21258
6495
7611
27493
3436
5634
17291
19917
24989
19410
22999
22144
30941
19552
19432
4877
13385
25835
32138
1510
13441
6483
242
15846
8850
31079
28725
27461
18214
30192
424
32676
9523
13088
10614
6067
8619
13268
6906
23578
27847
17711
13705
5372
9028
11420
9515
208
24132
11947
21883
24320
25314
31507
12699
17933
2782
2346
24140
9464
30372
6836
24020
3865
14897
28427
18116
29893
31844
10576
16018
17550
3682
9801
19988
12699
2604
3570
31629
3912
14701
21221
23044
11063
32765
26970
16714
1427
20961
7637
11107
6245
11581
20095
31109
7734
22269
20724
32063
23112
16907
12267
5987
29157
10724
14546
8255
9541
9329
16047
14306
23689
382
15156
6255
8559
24195
31110
10168
8606
8030
13423
28984
2396
28546
16202
8957
20011
14798
11825
26322
22612
9029
15049
21366
15012
20436
3315
31105
15600
16143
17363
26471
10638
30934
23354
22408
3236
15074
8169
15134
13379
4032
12161
32016
20456
14562
14545
28409
19050
1845
13519
14664
5708
29172
14500
16855
15214
25362
18655
18671
3378
11582
4158
24915
30786
11499
6028
9218
89
31765
29179
4837
21227
21980
20203
15039
7491
10036
29932
14162
23193
26727
11578
4753
19
15460
13635
14430
22222
23132
14613
30915
6480
5375
11268
5224
7947
28061
17001
24321
3813
9271
18100
28111
28689
28391
10650
3156
12526
15463
138
19175
7832
19498
26163
13823
25950
1582
4782
7004
28415
2643
23760
32134
28012
1173
24938
23839
24849
23686
20971
2632
12593
806
29543
26795
5876
31252
30896
28114
14046
1688
17896
25679
2712
23064
7034
7783
28581
4392
12198
36
25165
25800
5871
19589
9227
15666
4427
4922
13146
12745
8588
21726
4211
26719
9691
15299
18329
3421
27656
23512
7114
25757
7862
18672
17836
10627
24550
24911
26647
9139
2389
23138
18070
23185
625
21677
25080
29148
22676
26571
30475
13564
28579
15713
9960
10174
14459
5563
27657
23558
9160
22481
1632
29753
31652
24831
17427
23286
2780
27989
32152
32045
10005
17464
16198
9845
6660
31686
19293
12141
23322
1284
24699
956
21698
15858
6734
8467
1410
12410
18426
4340
6950
4561
10258
678
21223
27923
4571
14141
25738
9055
10883
28312
16662
15324
28075
26148
12811
19069
14766
26917
25443
11106
14016
20150
14481
3241
11132
21216
4259
17603
5042
30315
16641
23022
24418
10458
12903
9070
3150
18414
32413
11323
27942
27680
23451
20506
2594
3178
25595
15116
9800
8305
23564
6968
9293
29244
29428
3496
21958
9851
20619
6464
26156
4209
9546
17222
8604
27313
29834
15151
12369
26583
16132
3775
3839
29466
18448
26361
6144
15455
7058
13232
11874
17347
28488
18478
5752
27771
3093
27850
25136
13904
138
9601
14482
23906
17736
5337
22061
14542
19902
12768
31243
5254
24386
7120
23689
17986
17514
1914
13923
25235
1116
4662
8682
6768
24619
13618
29928
17592
17896
17713
1832
10645
17505
22152
15195
11917
1755
13000
27926
15272
10104
23721
19544
5878
22234
20528
27975
12738
29174
21548
21441
23171
1831
19264
11528
28979
2807
8995
24184
4939
2245
9686
23635
12682
19959
10935
22381
27968
27189
4115
31136
14034
20658
20618
1912
22899
31634
7491
12213
15660
4962
24565
18992
23706
15219
24924
21219
11136
20427
10996
30879
10640
14463
4394
13357
7860
12774
10104
20046
3097
13701
32431
7741
4868
14832
17169
31258
24939
5034
19745
31079
29786
29599
17442
24411
21112
20300
31120
8890
26467
12560
12536
3079
11454
30470
17715
7553
31648
12571
27701
594
919
6609
14277
1484
16267
29474
30511
1166
5266
2877
19839
16198
4766
10822
1781
20993
17711
11312
27071
26180
14273
2514
22315
23318
28896
8366
12463
24415
7199
17010
20418
13518
30521
20256
1442
5624
10914
19966
18296
17662
22768
18327
13549
2397
28951
16465
30027
23015
3266
18287
32547
21995
13958
28800
10934
8634
10633
14564
17724
20859
4687
25947
445
32105
30928
29879
21539
6232
2818
13437
16348
32104
4711
17529
4101
11678
31785
3
5812
22018
23746
23199
30378
20947
12856
14546
31950
30801
13934
8568
8536
9647
6790
12317
32522
15975
26276
20997
17018
4016
3517
9806
11544
11787
31774
7118
28043
18895
21881
29759
23495
793
14852
5302
18037
20279
27877
5204
29632
25570
16231
11924
4720
10604
13316
25818
18170
9142
14131
18734
6707
27414
19446
20190
15489
18575
22321
18117
3091
18963
980
10597
12698
19004
30846
21693
31608
272
32263
1438
29771
10350
8780
621
15707
12735
13404
30223
611
29099
13851
31493
18512
17562
781
11876
26587
29402
14022
15388
598
12959
21309
5954
15378
26544
1124
18205
8811
17536
32438
22196
27982
24734
21785
17300
3194
17885
26625
18267
13696
4174
1800
23982
8537
27359
959
17534
14356
20133
7407
13199
2330
23383
7640
11960
11509
9776
22021
17502
3887
27560
2653
32423
30794
10617
17277
22421
14848
31530
23641
19321
16254
17246
20924
27373
11528
14303
7049
16717
3477
12391
18261
24332
3480
2578
27706
5984
3102
25367
9159
30176
17495
32672
3643
17418
28030
7134
15288
27481
30124
19365
17646
7158
30312
29974
3749
26711
29960
18161
18007
12513
26101
18774
9142
4484
11757
11299
29309
2640
3807
28459
9487
28544
5700
21124
10672
10317
13022
29354
30131
10761
22730
9683
23259
22828
27547
25621
9317
3528
27709
19989
10698
1437
30167
17568
18357
26395
17216
19288
3095
18348
28007
380
22765
5969
22350
26809
26551
25553
20688
23610
11831
23116
10833
17698
16213
7683
20204
22462
1741
30349
11007
22521
16274
32747
30265
11394
19298
32515
7335
7321
28752
24891
14905
28251
11993
26406
2496
13325
12616
10795
8233
9085
2880
31581
1753
28686
28071
20872
11344
13917
9422
15323
18173
7257
20126
30935
18842
3906
5592
30015
27098
18649
28740
26255
10093
26321
16175
2082
3712
16012
25341
10424
12032
7155
26660
19042
24267
30682
7826
8125
13775
36
12669
26639
32149
3626
4668
3994
9785
15428
32256
17216
19933
2716
12155
25748
28338
22849
29202
22176
24634
16716
8393
521
13781
10598
25520
18979
16444
24964
790
16958
2583
11999
28612
8233
10322
24248
1195
21986
6275
3360
11888
1103
19452
26277
6075
24307
26406
29752
23980
13465
11811
9364
2989
24580
21740
2490
21265
21101
8745
1365
19185
25452
3381
26961
21359
6286
20135
30099
6385
17602
15946
28315
27856
8116
1007
28551
20925
26481
11962
10313
1440
6403
30728
10853
6218
23805
1252
12120
31763
10311
12019
9603
10055
11802
18006
14526
32052
7625
8523
1319
30569
1428
992
30216
5129
8366
24770
32210
15979
22695
16552
24333
13156
13971
5346
13616
3422
19660
18783
5970
14599
2931
11327
12941
6265
23497
1054
26245
26879
15110
17165
13042
23383
92
27740
31831
10966
16954
31308
24604
15469
15622
30925
2122
8965
12788
32258
29886
32644
5971
13829
8820
32693
7954
31980
4197
9225
21573
32672
19743
15777
13169
23431
25716
26477
5169
8220
16785
550
3176
17657
10
23549
4600
28116
22810
27845
28187
16889
24620
13769
18975
25125
32354
7706
6294
13097
22215
112
3007
13682
9229
27377
10760
25402
25570
16815
17771
20760
8868
19844
7072
22821
27957
26177
639
10319
21316
30593
17148
19820
28582
618
18384
14683
22470
5453
24124
1124
30749
24655
20201
9364
14471
17789
12526
29655
30469
27077
24270
1709
27392
21355
30935
31191
28486
10124
28932
5984
29805
21153
12402
18576
11146
445
24599
5367
6562
31832
3703
19456
28902
8321
31894
7926
31554
3764
25380
2673
30267
12445
1811
22487
14926
19735
31942
24224
12920
29977
29567
2338
3968
17814
31166
3915
2512
13674
5923
2237
7513
28064
20847
685
17655
5856
13562
8322
8948
12650
18786
29816
22299
30220
26435
19491
5976
1900
26189
27273
22392
4601
1927
25219
13235
20383
6313
19913
7665
32370
6155
4894
16107
22347
27817
15122
31601
210
29897
29303
6977
17890
5705
10242
16350
7893
10242
18887
25501
5591
32730
10638
2602
17439
31295
6503
23522
22001
6310
20380
9191
31164
11926
17226
956
6100
4780
18617
18441
14055
1905
8508
11884
28143
30888
29119
29034
15397
5485
31881
31323
20231
7559
13603
7527
2602
28054
4715
10377
23719
16676
1972
15385
9128
8563
6806
12386
19262
9666
8356
27117
16927
10019
9979
30707
6755
4664
32572
9359
2198
296
8713
17864
26133
15785
7925
7301
11318
21688
18486
31760
14962
17543
5416
3381
22869
9460
3046
23634
8917
6739
28672
1728
200
27607
3813
8631
21305
30134
10385
22165
15350
13589
28159
22933
12092
4105
1181
5052
28026
29941
18949
22064
29982
17473
25888
6461
30452
16398
30763
4216
16270
22053
9853
32532
22917
13573
5221
31480
31506
9128
16885
2801
12678
2157
22519
19561
11083
21922
22331
28667
18498
27119
3826
11766
26205
24391
13036
9936
24160
14372
20031
14034
24697
15150
17484
28392
14419
2873
2400
17929
17483
24067
6398
16277
31528
20950
7878
11060
16478
22995
22466
29662
20484
17229
24990
18159
12587
23876
10750
28894
21171
20347
2066
4059
2180
31360
30063
30274
2895
8927
26310
394
29757
15845
18246
11301
15513
5836
14016
1990
20928
20837
10122
7650
11959
18167
26736
3475
13744
13643
16046
17107
5605
20656
17537
31449
16412
9489
13028
7029
7272
14203
28881
8397
7704
31722
11433
24953
30537
9636
2399
30577
15194
30187
13166
15159
23260
12099
4059
17824
1708
17584
24146
28979
9196
17276
26721
9847
14806
28620
28139
10370
6135
21077
1734
21502
16477
7167
15049
10317
32685
18904
8750
24602
2728
16012
16801
6049
27679
18230
6406
9474
16487
27831
26946
4970
10392
24748
5758
461
30531
1913
10091
22678
10378
28507
9065
17935
32385
6496
22352
7465
26942
32393
23746
23712
2585
12868
8252
14484
21825
26853
9381
13599
16366
18491
24790
7665
12131
14350
12738
7132
8875
4119
20417
10518
16983
791
18564
31982
26911
27798
5738
8639
6862
15783
10264
7976
5443
31788
21380
1902
9148
21982
29657
26526
16681
8242
27108
10929
2577
13923
11002
7862
32728
2746
4402
19716
9110
31620
30239
9426
25058
20939
32254
4160
10034
7035
23562
24591
15423
3216
25838
19911
31645
14550
5106
8346
14272
11347
3740
10939
18557
26512
28278
11009
15007
5757
16650
17864
17797
31686
3648
26014
20237
29857
25363
2190
1068
11505
24923
26637
2258
30752
995
1591
12292
8730
18904
19004
28692
1731
14352
1551
20857
6984
24916
6054
18156
4057
15429
12796
18299
26448
28963
2679
28352
24110
4583
883
20132
1330
2882
5621
20112
5033
3899
24492
24323
21349
20636
6318
32203
12263
5176
24869
865
7503
4220
12526
28704
68
31055
1258
8336
14463
16576
19516
18385
23467
30935
14330
12126
27001
12345
30599
19282
9204
28446
16604
8400
17222
14725
7484
20314
26261
13643
27855
29068
7763
24769
23407
4956
11154
12382
15017
18920
28806
7101
18715
7805
30813
11988
14693
15814
8893
8322
14986
24010
17393
6278
6846
31093
6587
2606
3117
9891
5432
5793
13640
18342
12088
8796
28567
25478
8495
27904
11178
17089
29792
13003
3819
7291
10592
21190
26065
4079
29197
3571
18532
27958
4543
18213
17571
13598
15669
23310
11416
13522
16851
30815
6628
28464
5048
30151
26268
6122
21039
24792
16462
24909
27900
28468
18557
17102
6712
16433
13020
23793
28324
25804
7579
19434
9603
6685
31483
11380
9250
13279
9296
27978
20117
18037
29016
15610
10956
20355
29649
15207
14125
16643
18498
22056
31965
1022
2050
12686
17771
23637
19815
32075
11643
3494
25747
11852
180
5053
15024
5469
23868
17023
9257
19025
27258
10551
28955
31376
721
31091
14119
16157
22751
28454
22397
12627
4825
3697
17358
17199
14179
13006
14161
32093
27483
30475
31021
14540
6995
16454
30961
29108
9270
2886
2544
9047
31143
19872
13382
8472
28141
25398
20334
32032
5059
32616
8967
31136
20645
24189
4136
16184
6868
19865
21623
23442
26460
5914
26416
22480
11358
7862
12794
10038
579
16822
10489
13308
9593
9304
9478
28105
7269
12135
3452
14328
516
15593
7188
21642
3196
11310
29401
4591
4194
23894
17425
26893
7220
17278
9343
3078
29546
4068
26769
6598
29835
9802
10094
1377
27647
18234
8356
5585
8982
7450
25072
13449
10831
15138
15446
18102
22067
5434
6528
31655
4063
29736
6655
23795
9336
24877
17102
27352
20130
525
8229
641
31217
25698
22844
28979
3067
1072
13547
17538
9146
8703
26372
9501
15607
9153
9320
6754
32743
28236
9894
8245
4572
12713
29243
20324
24634
24705
23355
15436
30088
2034
26604
6144
741
29913
7680
10650
9302
11729
19918
16897
12802
3931
17592
15462
2768
16674
18093
6990
7250
4717
19214
6071
11207
28422
6902
9237
15817
4582
20557
10962
19332
21724
28250
6557
32049
7397
25001
28137
31346
578
23404
26382
30240
4090
6487
14144
15597
12181
26702
11185
26824
11948
25311
392
9842
32114
9453
32544
10447
9570
16696
12827
25648
25744
12141
5726
18162
29385
30832
16584
16636
11771
27343
17362
927
7699
2029
32419
3406
4593
23107
6832
19088
7387
20954
21642
30106
29391
19143
11375
4655
29014
4785
6793
22940
9998
22526
15053
969
2213
11282
13833
24077
2308
12022
27474
66
22696
16439
18904
32225
9798
31150
21776
17231
15562
15763
31981
1478
6757
1504
5800
7030
23843
302
12995
25204
18063
25152
21553
23940
23027
17021
1984
25065
18862
23092
27949
32315
18841
25424
6628
22311
6083
27813
17205
3488
7171
29157
32058
23801
4709
19538
13280
32058
972
23967
19922
29230
20622
5153
7718
23763
11171
17762
13863
30498
20815
13984
2341
11539
6392
5206
31145
16075
27951
4780
16796
30445
19346
4944
22104
3496
9238
7471
6366
31617
12933
7152
26335
22145
30007
26726
7681
19083
30018
22313
24849
12204
12040
15527
17561
9208
30519
31933
27414
148
20618
17140
20462
23651
17142
32111
31134
24528
17650
4948
28883
10411
26663
31999
30551
17733
25683
10612
12820
11951
7518
226
32616
22150
31913
28686
11544
24362
16419
16527
16264
576
27442
3997
2715
31972
7912
5807
23546
3174
17391
25502
5805
21844
27806
21885
922
27447
23895
12519
9149
4096
22334
11162
6689
5925
16463
23364
11867
1386
29247
25191
9313
20335
14560
23309
27785
4729
18115
30780
8277
27483
18183
32733
15775
7351
30677
5786
32053
30141
16681
19687
26950
21697
24880
10609
23948
13839
27908
7603
4973
6140
9754
17547
2789
28528
32103
1593
18921
16055
30134
7961
8000
17793
3429
9596
27386
28412
12492
10864
2251
4745
8963
30545
3193
5295
7503
32034
16706
927
6817
16015
18706
5752
17121
29603
276
6870
28155
21779
28959
26366
3062
1740
30486
32519
7654
29097
16662
15612
19410
16569
28063
8643
27982
22476
4684
27072
22483
30636
3563
2028
22379
28756
22513
29829
26612
19212
16154
6548
19050
13797
18788
30098
11103
30234
31820
21348
6969
23676
23283
22629
18370
11497
16440
4891
3533
22515
18712
14137
12856
22628
17638
21699
8410
17386
24490
27749
20878
18581
12201
3108
11987
1998
4490
29295
26374
26521
28689
12020
3303
7507
27874
28932
12498
8434
7239
32669
27082
2630
32040
16654
5485
27734
18977
6055
13278
26321
28105
19387
6630
14434
31911
21792
21766
23673
14675
16584
18550
29528
24435
23236
11345
3258
7631
207
6171
3744
22365
19822
28604
12128
21223
9349
24769
18199
23414
10297
6887
16265
13426
7012
6637
32201
14612
22800
15486
32340
12973
753
5947
24322
31896
18736
18023
13123
32722
902
27143
30990
17706
29431
7220
23251
7767
3638
30542
30847
15324
3284
13759
556
31582
16251
19493
13444
969
31594
2559
16836
9920
3029
29595
28425
31823
10150
9343
27510
29375
25970
15786
1681
11338
5770
3325
24046
14085
19759
6501
25831
3160
16044
24039
19391
17045
18349
2093
5902
24506
15876
9362
26850
4136
25482
5014
21458
27293
9038
5849
27655
14057
30658
21250
17191
18409
4027
21394
23944
7344
11386
19643
8204
21523
17985
8053
30249
18615
4337
21675
25932
23029
2069
32222
22672
12214
28073
4476
4878
7898
22144
16502
8290
27484
26345
12845
4378
2867
23556
9550
10705
6412
8875
22797
5518
20957
19945
26592
23533
30929
30188
8786
26729
28436
17891
22559
3583
22322
27719
25805
6117
5668
32088
25841
20706
3242
14649
15688
32687
5765
31022
5771
30520
7388
4151
15921
5263
10411
23903
6082
5143
30797
1171
19674
17097
3010
1398
8549
11878
5442
15657
2808
19054
22607
25260
13142
14137
16694
5271
8908
27506
9155
4229
25367
30154
11265
16533
31329
21949
18194
25203
5759
14742
26760
6947
14235
20206
16953
7280
7040
12486
10623
20187
24788
27346
26312
31105
29053
9797
30376
2680
2874
8857
12340
16764
16825
3579
17598
3450
28760
32238
3766
8713
19942
14493
8286
3547
3519
32559
7277
20387
17141
29500
28117
28748
5014
20468
28175
30917
7365
296
24696
7501
12800
14563
11546
25545
20965
8151
23061
30935
10005
23742
9994
25745
20337
14572
7608
21421
20079
12497
12617
31564
132
32697
15506
10543
27431
11828
1348
28052
24919
2757
21291
16394
4435
30762
24537
14646
31913
5780
4992
15163
18116
23563
17736
26420
3762
19504
11270
23902
9068
28953
13139
3033
25772
17840
28947
29637
30105
10970
29450
9292
31725
18506
11645
19562
29973
29049
6216
31825
3885
26384
9822
1090
12316
3551
19523
32610
11896
9882
23919
13148
20373
5289
7080
1735
15339
19649
26857
8818
21472
8211
32038
27075
14579
7855
21693
13244
32230
15062
11746
4414
7374
13772
12692
21251
11149
3405
10083
15036
1443
22094
24816
18110
29476
24233
13307
5345
16844
8025
30659
13201
21503
28486
20860
3400
29887
2443
5912
21947
31748
14550
9100
24356
20993
13697
12993
12078
19153
19258
1383
7905
4037
15661
24690
14799
2695
7546
12601
31015
19288
9877
7956
32133
16924
25554
19633
8432
9305
12894
14270
15961
23350
16745
10526
27277
24078
22462
29628
19522
14713
6094
9871
16042
14405
6643
19687
32361
26370
7227
28604
7509
26843
9733
28776
14860
14301
26045
27210
9709
13196
207
29047
1662
20682
12800
28147
14389
6182
12916
15645
19054
10149
24251
4915
6105
15365
5770
15234
839
27881
16423
5873
28204
12374
549
22079
8597
23732
29159
3741
14598
4627
3511
16324
15215
17478
17500
20328
1478
17156
30126
27886
31264
17641
7603
22365
15360
4077
17514
19372
9806
17372
26963
24706
14499
29470
8328
5371
6475
11585
18985
23421
25358
17127
25213
22963
26708
26289
10744
12753
20513
18561
17666
9484
20581
427
23386
19205
8095
31420
8042
18690
8256
3377
26765
13422
18338
14931
13114
2120
7190
23284
25886
24870
1716
800
11273
4312
1557
10266
4829
14055
2200
2550
11915
30154
26078
22341
26513
28721
18471
5621
28759
22707
16261
20158
23537
15711
29440
28561
22572
2177
8294
13548
15194
1018
12809
29786
17424
25524
21699
29157
6467
20216
17633
1390
23870
3497
27882
15534
22751
22141
282
14081
23001
6672
31205
1324
17612
16275
13144
27079
31332
14504
20475
25914
2223
7314
262
28563
14781
12358
18729
7057
8593
20909
23302
10478
12338
31847
32634
26949
4648
20809
22312
2461
2295
20874
7791
32378
2022
3521
27107
25663
29605
24153
24536
7378
31871
19590
1722
19225
7374
13462
2861
10898
9272
23782
7537
31785
13437
29632
27294
10782
27125
7569
24274
30215
26115
3087
25629
25135
30696
20718
31571
15200
18068
9862
29965
4647
12033
1526
11194
12062
596
25161
30733
19485
20171
7506
15247
22391
18958
13064
1004
31063
2022
25894
431
17481
8729
31523
26446
68
10157
13480
1096
13573
14471
6576
13670
18773
17440
11361
20993
30409
12723
4467
4273
10153
25724
26834
12456
1469
14713
28625
29974
29846
16675
21274
15338
17306
27626
15582
21525
9902
14245
19899
9259
29749
1349
23834
4891
28248
6920
29643
4503
25349
24513
12855
633
2001
29702
14642
2612
768
25752
7742
1190
1386
13829
30168
2268
23587
25122
28171
2946
22574
19789
13838
15447
17922
30198
16180
3364
22982
18835
25498
9123
9128
8537
3850
2609
13805
11210
32504
26771
22465
21625
1223
13964
1687
6303
5809
17944
15406
3950
7430
8008
2492
10134
22660
8236
5399
12990
20871
31223
3370
14711
26846
12696
12584
2709
10269
4641
1919
29997
14863
13286
5406
17255
5801
18693
24612
18540
8307
2797
22721
13191
22834
24655
32659
12237
5925
17913
22796
19957
2359
2395
4492
7510
32620
4618
27511
7316
14926
3933
2683
23966
30378
31168
32536
18306
17041
22151
54
24847
14829
25891
10271
9418
21566
14846
9057
15872
1068
5838
10716
15620
17434
30216
21812
10962
26813
32102
1555
27749
19367
13212
31974
27621
26114
8470
14836
7237
13690
27502
13043
15004
11931
27743
11141
14246
26629
6338
9869
19300
9247
13252
18438
13189
13635
8264
26554
17339
16935
16330
20871
8402
12013
11741
2415
19676
18439
32603
5302
20280
11414
23117
32465
26800
20323
25239
10698
5466
12798
1632
16755
9585
20085
270
15226
30016
4826
29663
11146
26030
13910
12238
25299
17718
22167
29688
24549
8812
12288
27680
22463
8176
31126
14296
25697
18545
23640
15805
22743
701
10826
9453
12192
17760
32700
24760
24211
23061
27556
2117
17115
10866
23448
12225
12441
1736
28151
10185
838
32152
16667
11157
28007
23693
6194
9199
7658
15778
409
1415
16759
21849
9674
27918
27100
2247
12936
5838
8182
28991
32219
19133
12879
16858
22930
18317
5476
22574
10736
17550
19901
27453
31827
17482
8625
19550
13315
9247
4045
913
9337
7435
25927
10818
13140
11211
3315
11827
9413
30966
9045
13521
30420
16098
22311
8062
9006
27171
28420
22468
17967
32187
4233
13561
1138
27153
30686
5293
27229
23431
6012
4647
11631
823
14530
23747
689
18763
4646
23143
18327
25303
30177
1688
27238
25270
14421
4112
8752
7439
25918
7738
7772
3375
5091
22306
3846
28358
16608
24081
30235
2533
32676
15344
19668
24893
4004
20819
19861
27061
24050
3885
21285
10878
15750
7671
30205
18798
31817
19989
16347
28527
28498
16790
24352
12425
31344
25406
4975
14498
19351
22581
17566
4959
9852
13516
12466
30625
29050
16307
18475
28412
2191
7673
16675
16238
9713
10982
15459
7243
18150
2082
17091
9384
32290
12788
21137
25106
3228
6693
20684
29141
20709
20560
15687
19907
6126
9672
27809
2716
14564
11047
20504
18880
27978
13073
19849
18567
28701
29372
27968
30390
27861
14682
30760
3755
29848
21118
4631
20062
24640
28399
23107
31143
11929
12757
25582
25385
30563
23629
24067
14431
24966
30315
32092
10592
21545
30721
19518
7660
10970
10084
18187
25128
2400
7668
15737
5343
24133
17376
17610
26844
16512
4902
2970
2786
8564
5301
18077
24523
13394
19109
26977
3799
9923
29664
16154
14507
13213
5503
10768
32131
24275
21497
9519
26495
31048
31307
31002
2197
6162
12459
7239
19842
13495
21392
11780
27448
25315
24160
32537
31607
6881
20979
15871
13912
7521
29658
19518
2145
24496
28018
10400
27116
4629
13401
14926
17616
5374
21447
18803
4585
6320
19061
10149
4497
31630
16961
919
6053
29861
13577
9008
7986
32627
14274
23205
15948
23862
13055
24647
2433
32566
1634
26576
20765
2351
2432
8439
19544
17967
22323
14558
3456
32553
16675
29637
18501
11956
2586
30734
18417
17605
1271
22611
12525
29957
17395
26964
9069
6181
20748
4629
5650
6121
8012
31535
10120
26543
12130
20575
30266
29548
24678
16716
28963
300
18845
3080
28546
1012
15072
28326
24075
17031
7663
30024
1787
12770
25461
32538
511
2000
13717
28139
30864
23590
5872
25354
19022
32264
4389
24605
28122
5551
8883
7135
316
27192
28021
4522
7749
14273
23614
7403
12474
7912
5487
15590
11342
31368
5549
31998
19500
10003
32430
27596
21171
6735
18129
9907
15930
17772
13587
9723
8955
11823
13263
5115
20776
31599
30688
5562
32265
191
10184
2522
30953
23879
236
6951
13751
18744
15039
3363
21021
26473
21810
19325
20116
26414
12441
18015
12602
16875
5850
6969
3830
20316
7826
2225
32083
21229
11811
10033
25958
26374
20182
13860
27127
22054
22659
475
8564
19121
21902
8926
19093
21362
7338
7998
26955
3241
21321
9838
22834
27329
23212
20051
7132
16067
29742
27742
4365
11372
9803
8576
10314
26503
23580
15508
17724
3604
12542
32349
6634
16308
20553
29096
7584
30438
2314
17758
8252
22091
21295
9942
20639
32609
14484
25692
4998
5407
20518
723
20076
29638
11907
26993
1015
32308
25751
14863
16456
19290
466
3434
32458
9246
16371
21430
31609
27578
6949
15619
2340
17096
5577
452
4327
1226
22989
28875
16981
25920
17010
17842
7122
30592
1926
24268
10950
30526
2820
4671
18295
14300
2340
16004
27778
26688
15287
17286
11436
22565
24538
31879
6530
13378
13008
12216
29517
1919
22113
9939
21527
12400
15307
23979
31928
21053
31093
3609
31374
15071
23188
4492
23731
20290
30077
10441
25737
28633
7944
17982
10738
5741
27276
32207
5276
6154
8454
24975
4025
25223
13593
16347
20638
13073
2662
6101
20225
23528
8164
4408
31817
27750
13453
18307
27444
12860
7454
6648
9784
9481
21754
7110
20601
13807
17899
30349
3664
15735
13858
31379
6361
18728
948
2354
17717
1162
26457
18064
27010
13643
8018
20336
20433
13076
5696
14084
3598
5979
26061
6799
23802
13572
31226
10524
5910
721
5685
29783
1307
26928
32410
20022
19520
12877
6604
11909
8905
18514
2232
36
19090
24682
15445
12592
7329
8221
21402
15566
10751
16189
14904
20829
3503
16752
12494
15105
31206
13799
22117
699
27467
23940
4404
20586
8180
5545
28666
31520
21734
31283
25321
20523
16029
28908
21239
18574
2524
590
14929
5906
29668
12235
27102
2502
28785
28592
5198
24264
29720
17438
25447
6786
10976
4212
375
22555
3615
8823
16901
811
20693
32482
13404
2390
29725
18751
4835
7583
4584
15247
13861
13424
20207
134
19836
7923
3192
30446
16052
18743
25122
5569
27812
6853
19660
16805
10206
23151
26408
17005
21239
20360
29757
1642
23897
1251
2455
31328
2367
31754
1009
19631
31143
19243
23709
8258
28999
27723
3790
2998
6131
18420
20205
12084
4763
25297
13220
24306
11293
3783
32316
29131
27438
17146
29660
26325
14071
15510
29855
32484
14381
23841
4459
13826
19395
3347
13013
16039
8299
27045
30761
8456
27997
11499
21464
681
9557
12963
24912
28924
12575
11117
21668
19491
24516
10946
30832
23339
18006
14948
737
18831
22915
29136
9236
11616
13745
11875
23904
1566
3522
934
27039
8570
2932
1618
7955
5147
28538
29260
23187
19874
7913
6156
16263
16820
10723
21949
2559
25363
30249
20528
29652
5728
17901
1442
7988
11090
9689
8625
21861
26107
17959
7501
15068
28232
9945
11929
5597
32681
29901
1171
20781
722
16860
8837
1760
17749
4455
10776
29445
3327
12691
11804
12007
30330
9837
3084
29835
13959
2952
22326
11823
20318
31809
14069
8398
8861
26149
23863
6660
19462
5704
15392
11758
20553
20454
20691
25493
12102
3972
12612
29532
19064
9142
25110
28097
12640
25810
23773
7513
20219
25714
29686
11621
22738
2840
12481
24756
2116
9425
32027
23438
30968
10925
27656
14693
12933
1845
26755
4306
24267
13849
27452
8668
28933
346
19658
12078
3734
265
18716
1625
31055
20081
8408
18604
24761
23808
6749
21066
24648
17133
20666
7259
25503
24232
1561
20456
7199
3391
25435
13823
10022
16455
1653
6566
14904
24330
4962
15663
7413
5316
22591
11159
29964
19504
25913
22608
23656
13382
6294
24100
29769
16810
14140
7529
108
30728
32359
5696
29758
16573
6589
30155
4350
403
14564
3707
10608
4787
14351
8474
3934
16761
20844
1483
23745
11166
16379
12414
3591
10683
8599
30909
16804
4636
32479
29706
31593
13080
6611
16431
16842
19469
31132
28073
15832
32063
18728
32405
13139
26801
26237
25276
9093
25189
32444
30421
5798
27008
10088
32142
7663
12373
12491
24427
22253
13206
30234
27058
31570
11224
3553
21078
7213
11660
11544
24982
23293
32657
11809
5262
8686
22789
23198
14540
26083
3213
1308
21505
7942
19405
18138
3529
20437
21980
9784
3987
2690
372
11897
13259
15044
17582
25711
10277
795
384
24632
12978
1503
5793
8138
11691
11861
19739
13825
13749
5438
7579
3655
29465
15617
13300
32211
29966
31011
18130
3003
30067
16901
23082
8412
5500
28748
14889
17345
375
16928
30722
22949
32326
4124
19898
32020
10255
24095
6761
1868
24906
22003
19943
11377
4784
30350
6047
30519
19364
12596
10608
10199
26105
12987
21411
2236
13847
17955
30263
2782
22516
25451
28554
9310
5908
393
7301
22610
11791
18760
32456
9768
31632
15076
5071
3270
2438
18014
22591
19894
12761
19296
9222
2401
9030
7059
3595
19802
22343
2273
11557
19621
19993
26814
24130
13140
27690
1538
11083
16678
827
17506
23889
19626
6365
12434
9064
26615
12613
5588
20830
24330
4741
5873
7048
6757
14313
3067
26406
1094
15097
7966
1173
19449
14492
32296
29958
28856
5639
1917
22962
27556
1682
24550
32609
29246
12279
18124
17512
5445
19968
14454
17756
2057
2684
28911
13343
13019
24879
15446
28428
17556
16181
11481
6838
23331
25706
19219
20322
10318
13545
11789
11408
12052
24753
15309
29682
15742
19235
32436
29891
4639
3630
31864
15074
12938
30336
21111
29968
5009
7918
1483
31
3659
15370
19607
32724
29050
26981
13564
24458
9482
2062
23354
3443
5418
18099
11936
4467
31497
6111
30579
1331
9250
5791
25910
6477
22444
21376
9134
5957
23385
8676
14835
15379
28997
25563
23668
2992
6655
23951
19311
11409
31177
809
7466
6118
12809
30852
17738
14022
18603
20242
13915
6110
7366
10939
21201
2485
31198
4525
8914
27337
12602
31083
29556
24360
917
28028
1660
30015
15731
9752
31808
13215
19482
10419
30948
3685
9844
32586
5683
21764
14703
23794
31084
30066
29245
26894
10591
11159
26693
6629
6064
15495
4990
25345
24657
6472
19533
6514
14299
26647
8910
27260
13821
24468
28993
17066
28779
14340
21216
27422
30016
2896
16931
1510
7964
3313
29207
7399
19064
29422
6427
17038
26196
2524
28999
20218
5176
29925
7038
26985
30438
13164
32319
13246
3681
15394
21910
31362
2680
14237
14859
14826
1684
20727
5882
23370
23810
9825
17602
31625
26678
6445
4569
4070
24016
24059
19509
19425
28944
17800
4593
8637
725
32474
7081
26384
16500
233
20852
3334
3394
5373
19575
27366
19395
28315
10156
12120
4456
29710
18335
11897
5472
15236
16043
26027
12061
27994
25114
21893
28663
10597
26607
12288
6855
2157
10337
17581
23641
22330
19339
14580
28513
23187
1937
23855
13156
25001
25535
24887
29696
9512
16858
23619
13035
15798
22413
11329
17797
19876
20927
10160
19592
1359
12690
11953
9219
496
2300
11848
25168
21233
7608
6180
20178
27703
15639
18017
22542
25436
14613
5564
25517
11627
8787
27158
4809
9105
24612
9299
10795
20651
12810
8747
12214
26513
8723
13213
25129
32257
29539
14258
29636
26473
4166
1593
5988
8192
28715
8803
1440
17264
3251
941
10633
29502
25191
18781
5359
7889
29076
30389
2569
3122
4249
1006
32711
31390
26530
19250
26274
16059
23769
26018
17201
16311
5708
28031
10627
23130
23098
29382
14118
13864
19401
15367
15707
3186
5154
22127
30183
20211
12705
17879
12418
7307
6048
16406
14870
6259
9889
6252
7310
25848
22256
24210
17647
30516
31600
9844
24616
19200
5499
30948
21657
16790
8191
3691
7907
19575
1438
26227
1683
25422
29377
6837
27831
8947
21940
22653
4487
8348
14372
30090
16461
31029
13699
27634
7264
21468
6848
30864
3512
10634
6584
9842
4282
4094
9837
12806
47
26243
30582
20340
10685
10404
10351
9538
24075
2428
12775
4525
15567
15399
19902
665
22405
19825
9881
5765
2773
16760
1091
15623
29318
12880
12501
29775
12392
15283
26661
32168
26109
18486
15569
2725
1289
5949
28525
16286
14906
9137
28085
28651
31115
8867
6045
3317
22550
16657
24022
29631
12716
4660
12800
9419
124
10085
16724
27484
9818
237
3509
4714
3927
22928
17266
2539
21884
3381
10094
26845
4549
7129
8150
27017
29466
29111
12572
32398
23085
16352
24175
28106
17734
27301
8200
7674
26416
1483
5186
5572
32397
32418
25042
20886
17169
24397
22350
11426
6202
14415
5317
5759
17302
27896
14083
18755
27744
27338
26231
27507
13311
6041
30059
8190
21441
23264
16396
24323
918
25852
8886
5166
23149
6601
14879
11986
6665
30244
13721
18827
17415
32313
5455
20143
6886
26611
19507
13588
1119
32021
32302
19111
27336
1489
3966
4173
5712
22968
5967
14946
30810
29851
19995
3526
24131
15097
2021
4216
22224
14293
1382
4904
24753
23222
21803
5036
7810
18248
27386
24897
5635
346
28247
20943
20900
9362
22568
30343
3010
5462
22599
6302
21690
6071
15234
14724
23637
19448
32422
27685
27710
30414
31276
30617
2581
19305
4130
17632
25789
31382
23816
13978
6714
29009
6286
2306
9379
21585
23836
15158
28668
8182
19384
11248
20159
29151
2268
4453
5221
2683
15916
9065
11943
20278
4609
1361
3872
18890
18048
31958
18269
18229
18327
26768
24929
2331
18100
14410
12281
28177
18669
10058
14187
27311
5078
26312
24443
20221
17395
31496
17575
7769
21781
4606
11424
22102
21498
4348
15638
27422
4496
7669
12768
3443
13173
4732
13490
18301
13926
16711
30653
9819
7483
18545
18067
28416
21025
10252
31387
22976
29685
3435
28948
7220
21242
28083
26101
2151
26694
13226
28003
17245
9795
31229
5094
11795
27556
10075
17977
19798
20438
24106
19523
8868
32093
11610
7432
21953
15697
16959
27852
15406
23098
8668
9636
18832
604
10855
16995
28229
32458
14065
8841
15614
23005
3673
28279
20184
7234
32516
29523
5645
21809
4220
20111
22561
18434
7558
31716
11996
299
7248
25839
30394
22751
3086
24401
16964
1203
7544
399
478
20701
24153
6503
8150
30227
2596
24051
23451
24597
21762
19260
6975
22569
7574
14781
23797
11361
17661
26426
15780
25953
19098
11407
28989
18159
17680
17443
6457
19617
6183
822
7806
3423
3593
24267
11190
11425
2041
22055
27261
7760
18844
17859
5916
14102
14267
2939
20116
6138
25692
27509
10667
24880
18292
5107
4370
28167
26874
1650
7099
26013
24438
13001
17283
15688
16613
4289
31701
7450
13632
5740
4028
30927
1048
22205
18660
17546
11253
24798
474
24816
15961
16627
27134
13044
8343
3152
10999
23622
24771
22337
26371
959
960
10506
7482
19511
29725
1726
23772
19317
27778
15759
29968
10756
18459
2888
27912
13477
18001
589
7495
7594
12845
17664
17449
517
9487
9409
26295
5680
17536
30192
10987
11108
25926
13248
13844
10099
2746
12803
20993
29948
8425
9167
2991
8427
13445
31023
29813
10201
12447
26871
2222
25442
4140
24640
2503
11325
9398
185
18968
22086
15167
2266
24348
2155
7311
15996
27479
13025
27902
25160
24392
16717
9027
29503
12952
31216
5630
30906
8212
32703
13270
28173
1799
21961
22346
30147
6525
30116
7467
15051
609
6399
13018
31705
15262
21875
27960
8642
7772
27174
2503
3688
20524
10160
26134
16590
9546
10183
14124
15723
2911
32042
23651
6371
5836
19660
5102
13840
22635
27132
13196
15213
16774
2062
22783
9036
669
30231
30964
5454
10073
11365
10226
9089
5740
6932
29201
3285
12561
19404
20934
9767
3778
30599
23445
1266
22309
1890
26114
30845
27413
5236
30933
4034
12609
1503
24225
30208
22210
8038
14022
32395
1853
5375
32262
8815
26612
3265
10769
16755
27174
15584
5325
29520
97
31218
22989
19693
26463
5045
19815
19419
3401
10515
11600
16651
15449
14709
20602
12240
796
20241
17564
14732
5400
32495
8445
6177
9328
24685
7608
12214
9397
21247
7202
20702
23403
21120
774
4631
19749
25106
1255
1323
13562
12479
32087
6383
23904
23015
12963
24400
16823
27048
26192
4489
30512
27437
13110
4975
20014
4455
18822
23692
23915
21778
9169
16982
26887
6805
14799
12304
14415
11491
26695
20452
21269
21195
7776
19241
28435
16091
27346
23543
19915
16939
24974
9868
32552
29148
25522
18970
13146
9435
31189
2817
904
24415
2067
9855
31086
28620
15553
13088
5749
29241
4023
30607
13199
4078
2647
6229
16862
20828
8134
12538
25403
15541
31425
18816
14027
3268
13988
21389
2448
11184
7899
15004
22080
11910
28866
14638
6802
11321
20530
2541
9665
4864
5788
26185
5334
3515
23785
9970
2877
18496
4620
7218
11595
4269
20954
19069
20510
17900
5006
3328
1651
11314
15354
12787
15585
24893
27754
17955
17896
4784
6318
24120
32652
6276
21233
4347
10638
13061
22261
22259
17114
15096
15407
8015
20389
21237
5787
9940
2705
4000
26627
17800
12138
32176
29216
4526
27563
17072
6854
27348
12417
2227
16746
18092
28268
31023
24471
16272
2150
12490
20524
4814
29344
11163
8517
8462
11054
32136
22671
23249
14692
871
25191
8602
1611
10829
5667
31205
10287
617
475
16352
16699
26110
9937
22030
24845
26889
19266
27571
24851
16774
22514
2983
2933
16923
11813
13644
13269
30108
15761
32353
250
19105
11817
8154
26584
19462
12618
25260
15376
17208
25324
20186
15595
9374
22373
24817
7338
2270
5988
30485
5968
22123
10876
22441
10801
20708
30788
3373
4809
11933
29956
20432
15117
2055
32065
10822
29817
7865
23744
14362
19654
18235
10381
30581
21532
18728
31393
27673
30159
34
15994
16374
27956
493
12175
30014
15133
19034
15489
7889
5193
26518
10901
1068
307
6873
10541
30457
29686
22755
10701
3289
408
32397
21688
7300
24416
17663
12740
30783
618
18998
31379
9385
339
24655
1836
7268
9033
25339
28113
18865
30697
23511
4346
23855
30677
29161
5823
13949
7970
23744
18421
27327
15563
22416
29075
11603
26958
18703
5862
10712
12398
30005
18580
9916
2728
8109
1286
23807
13817
24391
14227
3242
4434
16497
30432
18957
20038
27391
11795
22627
27334
10056
17099
30096
812
19453
15123
7323
6336
7717
2380
28105
28343
31180
29040
14487
7339
2499
11934
1540
9990
19670
11411
22837
4674
23197
17092
26371
30294
16563
4376
5679
26007
17789
13720
29794
25320
29500
29260
26126
6829
17746
10622
16485
31261
11778
31465
29693
26574
9486
16615
9256
23480
26405
6596
7999
32115
24596
22926
26752
32423
1049
12980
7093
31449
10500
26730
20393
24011
2778
22736
16942
12199
25623
16043
25318
11612
11276
31110
17333
7525
3727
24784
7651
6656
31231
17418
21882
31718
3920
24664
17132
18344
19344
16798
13313
2756
32091
9305
7926
807
23650
6853
18387
8516
5747
26482
22514
31365
27035
5879
9846
16316
22115
19439
8892
30965
11561
8730
31879
26868
3939
12389
28260
19315
27544
6472
15017
25095
18638
14330
19378
24276
22294
31841
9662
6833
28709
17346
29463
14132
13836
503
10100
12337
15806
6756
6142
13549
22519
26259
29629
19335
24365
11003
1128
20689
31959
18937
25481
6058
23460
23589
8998
28432
17536
12398
26492
14908
29899
17574
7904
26587
20383
24890
31093
24786
28804
19467
26903
31038
6395
29047
2687
24935
10790
6237
14969
18481
8663
16842
15012
32406
21016
11505
25832
3613
27012
9428
20141
18892
22555
5902
28956
1073
18841
12123
15092
11550
30813
30169
3386
2774
4881
24696
18377
19467
27026
2040
20440
25708
26619
23204
17100
14016
13676
4483
16560
5570
4949
23006
8645
3656
3795
32612
28595
11657
12564
5737
11427
22954
14509
12238
15202
23199
29454
12422
8103
15218
10629
13900
23899
29888
12659
11856
8178
11773
14687
4994
12422
1104
14879
4728
16584
19636
13114
29631
3354
25427
26894
18224
25650
1840
884
10860
8370
30584
15890
14556
20321
3344
15281
31328
12606
28946
7586
17198
9095
30087
16781
21729
25868
25736
10529
2057
28602
17370
12974
16093
32750
1347
1650
20923
5026
27035
26143
26118
23192
32273
19954
8619
1870
22833
28166
9650
30129
26634
8290
20777
19250
3591
23489
8396
18582
31023
25379
2014
27706
9877
28980
6087
21341
25015
6973
11246
13699
8716
17849
11670
4498
22739
14196
18495
29531
5966
23281
28203
20975
11708
14091
7536
22638
30171
8610
2260
1231
8232
18463
3207
10284
22533
12948
27559
19387
18128
15021
14360
12448
32687
20002
7402
11907
16467
1525
111
11164
13460
5724
20020
28505
15310
6983
1612
13766
12347
23074
23144
9042
6210
16184
28324
27231
17923
26032
11947
23412
25901
7608
26066
183
15642
28912
21391
18667
7803
29624
19609
27293
1272
32568
21430
17241
3924
11614
25571
26312
13330
29524
28615
16778
22201
14357
24476
213
27809
5274
15614
11523
15308
15624
27403
17305
14046
29745
17355
15423
11377
29547
2821
25022
17800
18383
13111
23805
22292
14448
17920
4112
22606
17576
29048
5136
9544
21850
20685
32552
26470
31995
21636
4670
23310
23081
11334
32314
25614
31549
5501
9100
12697
27110
6524
7895
4504
19643
26931
7544
26868
2516
30427
31979
1224
2195
8083
21916
6157
15061
10586
21840
4595
26865
12942
5139
7223
12178
7191
32331
31274
23737
17574
16881
25490
17004
28283
2433
14958
30526
8312
11780
15073
17192
26394
27151
19221
27129
24102
29344
16626
8806
10354
6850
18144
12614
21297
8961
11150
4329
10374
8692
21042
6711
26118
22653
1551
31050
4427
12236
24604
12870
8742
17652
19343
14219
20884
27515
7278
5458
7922
28883
15109
21549
20294
29791
21204
15010
29048
987
1719
10719
24554
29465
12581
4364
29990
409
32467
14501
1238
10700
31641
18301
5887
17801
4979
7299
8234
29000
24144
8647
14548
18268
6641
22504
2581
22370
13269
3608
9206
31115
4649
14556
2646
31860
18185
23554
22938
6984
5677
13350
2430
13063
8269
14058
9317
8741
6115
23879
2561
27579
13956
21803
16772
2978
20402
2352
4147
18304
17804
5611
21421
18053
4102
3960
7746
19014
6883
9751
29482
30121
19786
17464
3152
31793
13019
29653
13056
23476
16348
11397
9678
11867
7322
13172
1580
19197
8356
11198
21839
23650
10350
18851
24281
13743
19008
15765
25384
2876
3243
31330
8340
25507
4610
8278
28904
2228
4021
15170
31741
2968
3390
3891
22794
4430
4528
10640
25821
13234
24667
29763
23898
17425
25947
14914
19764
19709
3743
19821
5469
19982
21892
3142
2947
5767
4397
3841
13345
1001
8694
16817
27213
16024
3804
11713
31840
5970
27042
10169
16669
17511
6315
4203
14209
30315
20141
22276
18009
26803
4262
12257
2386
8395
23298
8086
7033
8587
29244
29153
2450
32046
24838
994
32067
13658
10771
13280
10665
22513
10068
5257
6034
25987
1427
27259
903
4231
17251
19277
26091
8963
30803
15862
19019
7300
29534
3702
26206
9033
9734
31603
7940
30436
27915
32353
26958
19270
6632
30283
12361
5328
21210
26327
18806
28501
15964
7162
7889
16979
22292
17634
20281
21083
12039
27121
5000
24759
22672
3268
32417
5499
22049
11483
24022
10934
7636
24373
10982
4680
21913
19236
21261
29444
1116
7733
6433
32322
16274
29354
20203
1011
9769
18119
28015
838
24281
17822
2659
24710
6997
16484
17168
27378
29799
12906
30673
14919
21961
12993
122
1590
17448
8177
31646
22373
19234
3191
19955
13431
2574
30871
26156
19242
9785
24346
28311
20329
9421
8918
4552
17355
25686
23491
25442
20193
13009
15249
19978
19499
1214
20373
28718
17445
2856
24945
29977
31337
15483
14997
20523
2719
3441
21196
24977
25860
16793
1271
10418
19381
2591
14272
25831
31589
29153
29150
6074
27124
29468
24260
16093
26689
2286
4845
25270
3909
15644
8316
26071
26967
1045
8956
13296
15407
31614
28641
24189
21526
5515
24227
24792
459
30846
25357
1052
21097
27461
25407
28271
12067
9345
11277
29627
27177
17272
9536
17726
14768
1708
18919
15191
7950
18525
29525
15711
5394
25028
31563
9213
30475
17973
23072
2252
28710
19104
8991
21108
30383
3244
32410
24622
31877
29658
5185
28001
32647
6716
1509
31579
2963
5201
3586
5312
27156
25106
3620
9726
23140
16959
27405
20123
3597
31915
20836
23991
14046
9293
20926
23665
18147
2782
11425
5733
20388
6559
25511
15067
28266
26636
32562
14618
12406
6999
28154
7713
20594
27978
26336
6646
28683
4925
30062
1507
26360
29304
8782
24946
30977
15676
26739
10725
23
30599
24803
4675
24877
22493
24454
12514
24276
20141
542
30816
21795
787
28851
23355
20778
32724
15372
25286
23893
27171
1356
11575
10317
27298
19353
19872
13044
2267
8308
15772
25070
32422
11930
16980
6023
5170
7743
31124
26502
16690
742
15125
446
446
4185
2233
1937
1008
17082
7517
22154
8611
15017
16357
7942
24027
25021
11434
28209
14665
5187
27002
7684
17785
18963
7692
2909
16603
23777
17106
30961
15381
1429
3431
2768
17360
20004
17073
18210
14364
474
17735
16226
6402
27416
1050
22409
17856
12219
30785
15528
2715
2697
21305
14040
21881
23204
11952
22032
20061
27394
7203
23158
24007
7430
31861
32156
32710
19355
29046
11271
21679
25580
25189
18891
16277
29611
7868
11976
31852
2838
28454
14988
17857
10090
30071
26830
5473
21794
550
30824
25909
22758
16692
29358
2248
11694
4510
31075
7588
13534
15804
11232
28955
7436
269
18408
7735
6541
7744
13433
1933
2732
6791
9378
882
6869
6228
5881
22726
22666
2152
25518
23099
25129
26833
20057
9074
5076
9135
26973
31467
4741
30486
3932
23111
23491
13550
4269
1578
20642
21381
15264
20698
22069
20935
1346
8861
14065
15671
14908
5860
32317
21586
31218
22690
7715
19414
30489
18016
30021
24719
21186
3044
1280
31631
3420
32470
25994
22969
31794
28632
4102
11057
7082
27309
22390
1362
2600
22383
29267
20641
8145
22797
21442
25591
14066
4583
26017
14003
11391
3292
21370
16475
12224
1602
19156
1652
18912
2176
19839
19786
2536
16483
10901
27744
12767
22684
10545
15741
23519
22846
14287
31399
32461
16310
20789
19020
2156
8503
30405
6061
28626
2055
19360
7689
3116
22325
23015
1795
32629
20599
11908
13361
1378
19460
16198
12736
12268
21320
5436
16554
5546
28311
30339
1289
28993
29504
16479
9188
756
16751
15305
8637
10701
4692
31013
16188
32472
7959
25267
16685
300
16604
14369
26416
31383
1745
25059
27939
1769
2370
6438
16509
18145
4983
27359
21
22700
21688
29657
11330
32482
24404
26074
1754
9850
30327
17357
18997
27105
972
30762
20172
22976
1804
23829
5911
621
19674
6359
9720
20910
6632
2795
2251
2135
30598
29226
13710
23559
19927
18520
17815
25905
17575
31191
28716
9114
28362
15014
31747
21935
5036
13307
28354
5258
19993
26125
4334
14860
1543
16377
28789
29876
2999
18343
15168
31796
20206
10448
26108
1973
18219
29236
24106
10973
22689
32377
12297
11914
16733
16500
30278
4804
3057
695
27226
19899
21752
10936
4911
30631
14042
17181
27566
10848
15440
28934
5300
17435
23744
10080
19446
24225
22581
28995
9278
3115
31723
26401
13753
5243
28279
14712
19658
12335
30680
32744
29368
16199
4398
3280
20885
25334
7895
30931
22660
6711
8924
25933
1653
27549
28507
3709
12660
1743
16870
30963
10917
14987
25083
30415
32259
21901
3196
17103
15300
19127
16036
31093
16844
5475
15004
32578
21483
5687
19796
20614
26134
30773
16823
15225
22183
17720
28393
32034
2656
17222
13520
8600
13079
7415
12714
6907
31405
11310
8591
6531
19081
10153
27336
3534
7736
25643
28359
1705
29435
16874
10531
25315
32513
3280
7326
2613
10422
14632
28300
20735
16185
21522
12605
26214
23813
2528
12687
12589
29732
14106
14048
9510
21842
7730
30636
27903
29949
14182
22852
26018
24783
32582
26172
21112
5548
6080
22759
10688
14087
19769
27539
31249
26619
21430
6817
25131
16992
16989
16545
6874
18093
7264
27098
14853
10410
26273
3504
9686
8955
5412
26395
31173
10366
4007
14339
32021
16487
27482
5011
27641
20975
18963
13607
12094
29932
7269
24749
10984
5029
1365
12188
30452
25891
3546
5413
17853
15455
11965
26944
7326
23075
13427
14323
15171
18283
13114
16534
26223
22700
11097
3669
30705
27203
17878
26923
30876
29224
16153
3794
31565
25426
25356
15475
9881
19022
14244
27569
2687
204
12817
32224
31360
8436
16537
32032
12110
448
17991
17083
24851
6403
12997
10475
6674
27488
10000
22987
16155
3733
25031
19254
26125
29313
17312
289
19184
14694
21343
7781
30868
30643
11845
23072
22538
15291
22268
25815
29110
8155
7786
19552
9087
14691
12923
16121
32674
1967
12145
17909
21637
19969
10995
12817
18973
335
2948
21292
21293
20821
14200
25091
8234
23458
28179
12528
28025
12685
1792
16547
6918
31706
24637
4977
30055
28654
30480
16820
10494
22965
26930
26449
8313
14781
17245
19388
15548
12313
20565
6068
5480
23400
22733
14306
29090
30456
7699
16600
12143
9890
9505
26323
9320
809
14148
17901
3352
22951
23004
21988
21802
2503
25001
7804
9638
22907
10319
2460
27590
23212
26223
28172
23447
450
12535
15180
7488
17245
9257
23016
20919
20001
26261
32101
3355
14125
10949
29669
2039
310
3578
31114
9394
4311
10795
22350
19043
7209
14097
2141
21816
27946
1910
20534
10621
23222
29773
18765
25484
23874
28746
124
11914
481
6645
17319
25767
8490
23068
4610
19895
2893
17914
22336
15885
19537
14053
5980
16724
18043
30156
22586
11543
10706
18942
27369
16797
1497
32161
28491
16267
21789
7361
30082
25581
18828
7481
4699
9830
992
20995
18526
25573
20888
2051
19971
23638
18041
26
3051
22481
11527
16513
27889
27825
32039
27162
23962
9705
18914
29200
6473
14590
25065
27422
29525
13616
14442
12347
2048
21517
3755
4584
20463
4509
6746
795
26600
16128
14059
27088
24477
6819
301
9843
21332
2235
151
27849
27602
12310
23713
4415
15642
20056
31110
31169
2874
14963
20739
29893
12325
25669
18381
17352
11927
29831
24871
23175
1763
14279
5895
20859
23494
1356
22642
16724
10196
5060
3374
11357
7977
1930
14302
29804
10289
10498
3428
31172
31654
3711
15386
1429
20514
18338
8182
20771
17048
7751
6098
6070
18219
21971
15942
5249
18762
12661
17536
7382
19026
5351
21904
28424
31377
154
24916
14924
29614
6692
6070
5416
28060
6269
4277
6380
19037
15037
28333
12136
30516
3136
12958
18681
14284
18737
20312
7767
19437
5212
2337
30255
13947
307
15273
18559
9633
6909
21178
32035
18206
20415
16712
17438
17517
29870
11879
23324
6673
27166
9988
27035
11896
24567
4769
14076
3947
10893
25291
29192
8705
17854
10583
9175
1256
29472
4561
20607
19304
23720
2464
209
13427
26087
21698
12621
29482
20389
15166
13649
22601
14263
16513
24761
21801
25704
22167
31281
24604
12252
16354
32555
1848
17229
20182
32484
9263
24799
30987
12283
10745
5210
14409
354
23172
31536
27799
25533
16046
23172
30918
28048
12403
14636
9868
14839
8312
9667
17279
16068
19338
31203
13827
24784
11885
3070
9158
31587
8811
12074
19207
29933
28636
9279
3450
2838
12075
24526
32088
6587
22537
13982
26421
865
10585
22587
29725
25506
18781
19006
30201
13251
7205
13710
13289
18346
13209
20822
31381
9271
5034
7695
5656
26641
19595
19628
29101
18219
5649
16721
26863
8384
28887
28028
24979
19123
4247
30928
8061
27842
24788
31355
30599
31373
1628
10237
32075
32168
4876
10864
8441
13471
11823
14942
130
158
15759
573
28011
17473
29819
7374
5940
16547
29798
31349
19538
19132
16500
19388
21135
27715
17977
4977
16812
32574
23831
26589
19849
15050
27642
14253
32699
27851
12833
27250
19412
23710
7753
15703
22016
26022
19263
553
28116
11504
1745
11066
23554
29422
13290
8014
22385
7510
22776
17822
17528
21588
276
25562
366
29737
18127
31737
16388
7665
21232
6273
31126
5173
3039
3017
25050
17284
23360
18204
9927
3589
14075
9039
15681
13853
3646
4177
25376
1069
3741
22606
6235
30540
9447
32183
20724
3646
15024
26349
13020
23375
26372
18884
9001
3964
14635
15428
11575
20668
15388
29505
517
27129
1404
28059
855
1638
27872
16895
31582
16631
1170
8784
12271
22459
24792
31861
29800
21074
2954
26438
8215
8990
14876
2446
10941
13434
18306
23077
6113
1157
1509
10617
25236
25355
6724
26465
7218
342
8419
14475
8773
17158
14829
13857
7827
29833
25820
9533
30673
27508
30693
4576
7779
17107
8912
696
32359
3156
26187
28796
5746
201
1859
15614
28850
25123
5411
1330
1026
28270
31508
27642
26265
14417
2025
20165
29420
23697
7477
7251
11658
26572
12284
11439
5108
10992
3767
30052
26342
15962
23294
20802
30103
8212
16580
24979
4028
7636
21535
19127
8722
27738
21180
23698
20324
28924
21333
12194
7121
16066
897
29272
20264
12073
5079
6092
30831
18388
1705
31811
19292
21720
16242
8101
19109
3104
20267
14486
10699
16526
31818
31715
26623
21687
27445
5295
26486
14043
17965
9970
13565
20449
14632
10639
3370
2614
24873
30080
20656
25331
2261
14652
27952
9670
10140
16073
2245
24484
22225
19339
2328
1947
17730
1465
24934
15098
11836
31959
5153
8978
25902
32028
9768
23773
26299
28838
23175
19175
19480
12494
20735
20396
17970
20156
25399
13471
23424
15753
21671
15255
2646
5287
18489
23663
9951
12910
21334
17957
26592
15635
26574
5418
24981
22259
925
23015
15186
25349
21685
5402
14703
23463
24777
21911
20205
13494
24200
26258
7305
6452
1983
16575
31807
15605
22388
14994
27752
11832
540
27409
16296
31547
13848
24907
30145
23908
17784
6517
14327
23562
17740
28104
3231
15416
15164
8942
24996
1721
24077
21637
4480
22332
13904
15856
20160
31251
7828
22692
13000
25092
28702
18456
21505
25953
13833
13471
13368
24908
12812
28667
17033
31127
21923
6028
7175
24569
10619
29112
13090
27518
21252
5642
28432
15363
12998
534
900
4213
18661
24174
14643
30196
8258
15650
28445
6651
18112
11296
25070
17970
11796
13899
4765
14054
7159
3629
6697
3923
10141
5799
15404
13447
9512
25765
24255
22457
443
26436
16810
14047
28136
16417
2592
14297
11550
12170
6909
13749
13657
9390
22101
28162
30622
32406
30801
18728
28712
18080
18604
3701
2415
23028
3508
28210
26308
28941
31274
28016
17934
25641
17166
16725
20125
13560
6202
10474
6769
20908
10174
18605
24065
30156
31722
13550
9020
26540
5050
14158
20729
22779
9498
10323
24419
10551
27806
6425
23776
20202
146
8239
13738
31808
22770
16834
18641
16296
11038
32453
20595
18909
26809
17151
11514
15422
4358
29702
29838
13857
3448
30482
7987
11908
27381
21449
27307
5946
7094
11021
4823
20836
10433
16634
19543
29934
20675
4800
29877
13496
16779
4268
27684
340
15848
22572
23166
26385
8886
16941
29962
22497
10200
22921
16551
19777
2873
28585
3423
7094
5879
7538
9108
4515
15841
4627
22075
11514
13987
32165
16359
18979
26667
13134
18244
10541
25512
18955
26098
13142
24920
10378
9974
7797
19043
2720
21102
26428
6335
29962
9747
27935
603
27304
31690
21952
18027
9333
32586
9941
8538
13274
21324
26661
17880
29870
32121
29129
28889
8850
28503
669
7117
392
2598
22200
8840
2735
5834
9449
31787
16745
17582
20378
27592
21774
9450
32014
8408
11081
8824
25657
23730
22117
32599
13280
16284
22445
23896
20461
11481
3325
23943
25181
9539
10836
22178
22753
28836
19966
16978
5308
2726
22266
10307
11080
30434
25359
14624
12804
13011
4321
19220
12034
19377
32423
8306
5906
25276
12221
4886
2451
10805
26817
10780
8960
17598
16310
20
2349
1204
2839
27599
18012
10632
14829
21761
5195
37
20616
29596
16534
21782
9117
4581
24226
16000
29962
2748
13414
27616
28575
15361
22886
6688
23162
19154
27329
18152
12300
9122
22725
7935
715
6613
31384
2482
21564
29725
26014
20356
1378
24041
28201
11820
9348
7115
4196
11342
32216
10292
776
20095
29232
2226
15358
2842
22544
5700
9818
26979
29650
15242
23928
13267
14552
28162
1116
8747
31259
28598
485
3021
2372
24647
9293
5426
13967
25890
21265
7960
9581
17050
27361
17901
10635
15417
1800
7298
16225
31008
22262
11140
27396
25181
19625
20005
28491
17104
26906
15495
9942
19449
24813
14103
7628
20335
21916
16823
22636
13135
25681
32682
10571
30699
17377
25610
16222
28137
9441
32103
11737
19117
3147
26802
16206
32635
25308
15216
7095
22487
26118
20790
15505
21478
23268
6771
26466
30568
221
13449
9898
6942
24227
3375
13801
3054
20972
5414
23523
3417
2591
26614
16660
4929
25641
1509
20188
31580
957
11841
1010
15080
14852
2670
23947
3166
3393
21740
32569
26103
20250
14997
21669
5429
11552
4275
21247
13220
15579
22533
5060
22225
16464
13911
17246
20194
31584
28193
22273
7687
29262
21844
30811
19122
3441
18002
18410
14912
7273
30970
14967
18930
15380
2186
24659
23950
29306
14095
28094
29404
15057
20382
20323
31710
20103
8701
18433
21648
11030
20180
28486
25008
18096
19637
23046
2681
18278
25705
12257
7101
8858
16994
27475
12787
1772
5187
10795
11832
4632
2837
4524
25273
10323
21018
8374
25584
23422
25335
7004
27130
16273
15142
32659
13747
28020
29834
4212
28468
6935
24573
10617
9058
8012
7522
9453
15831
8889
18220
2386
26321
12992
17781
19287
32163
11365
6711
30080
11529
2134
3644
22943
222
11819
25515
17307
9726
13985
2205
5229
25951
2656
8721
24321
7631
1993
17362
28253
5582
26320
19151
25510
7367
31362
19260
5520
27946
15139
958
29867
30654
8106
6128
23763
552
14187
25787
13487
9468
16644
30003
25154
13648
17568
246
9965
16165
12089
15120
24556
27554
17805
32014
22943
904
2816
28414
21124
8500
332
28219
17362
32469
4792
31753
27049
210
18894
18974
8011
26913
2535
24326
26918
6043
24420
11312
8927
2566
28836
5321
3614
17498
30851
11283
21604
27013
32248
15971
1850
32738
17113
28185
18552
5471
18933
29912
20678
6017
22818
14279
20546
14624
12180
12521
1286
16606
16894
16129
7047
30687
16496
16987
11269
17309
28699
9645
3736
14351
21891
7172
19364
6881
28539
10895
8822
24164
1644
15806
19456
28486
4183
16943
15145
8796
12182
16810
20800
21595
32109
16856
14504
928
22371
2355
2768
20071
29756
126
6865
20328
32431
28327
1174
17108
16738
820
28670
15297
24013
8865
6662
20750
20177
22626
2813
29117
11852
13847
12589
22490
4474
16037
29902
25145
11106
23987
7065
705
1282
22260
32211
26402
17443
28900
32717
30070
16737
19918
7971
15033
24711
1869
1097
9139
22611
28003
5584
14340
20520
1722
4135
13512
4273
18193
28687
14453
19505
16629
8653
26092
22800
16691
23817
12739
28881
2656
6829
23671
8682
4419
32693
4117
3142
3638
25474
13308
4065
2775
25286
12422
21314
7563
2005
27891
7987
19311
11582
18434
19583
20035
29639
10384
19886
25808
31270
4364
3810
16770
32153
6772
25523
22267
6646
22430
8607
3530
25713
26615
27595
27845
8372
27576
10688
22989
20606
8336
20768
31923
17596
22114
20469
11040
23005
17367
5936
27573
10216
8877
10946
31166
1030
32507
21485
30509
27606
3991
23221
28699
16778
14676
2723
27958
25510
15730
16284
26
12810
26200
21854
26797
5103
16632
13939
6478
8037
28722
18201
26393
30891
11623
3822
4863
5089
17471
24115
2699
10146
24714
3763
23086
1107
28864
20961
31339
27873
23854
16396
28536
25659
6370
10827
2444
6373
23037
6815
28250
6566
29772
5463
2774
32023
28992
25736
17172
1152
23987
28082
14604
23830
15666
31165
23278
6209
16724
15761
859
7320
21972
13803
14726
15522
14917
18616
10779
669
23068
28400
8263
22268
19922
20535
5152
28213
15311
12850
23473
19187
29005
20055
3772
10299
15297
32526
31175
22751
16173
1545
9705
11256
3499
10568
12188
13703
3088
29863
12091
31807
10343
30958
1634
5466
9663
29874
22029
1538
15883
12816
24397
1393
24246
18501
32646
15102
9228
26190
23504
21588
32316
29017
24040
29636
5653
27064
20810
15583
5555
6435
14594
31705
14661
8787
11615
12687
16015
9355
8382
11111
13574
15535
27885
23157
29377
4144
25306
4555
20019
1778
12255
24223
8886
25986
29151
24981
23570
21436
18727
25468
15073
16564
13452
24052
16603
17916
20447
14981
14189
23941
3380
30560
5944
19556
24909
2721
14415
3686
6427
11794
10490
18167
4044
18812
17166
15293
19683
26696
27045
15941
22926
7154
17427
1482
7512
4816
2461
32738
6073
20643
22483
19319
3623
28878
3290
1641
6689
2754
23407
14798
12057
16420
22424
2395
8178
31357
2997
14436
7885
17003
27753
3960
17177
4326
28991
15581
25864
4057
18882
11041
18891
30246
10047
22404
18864
21666
1271
6458
10310
32356
18678
11212
20480
11766
32591
10434
8996
7114
22788
30278
27423
24349
31310
21678
9602
9525
25818
28814
6951
23052
25638
12992
5076
1279
28703
22660
4674
9138
22376
16532
27200
30530
19333
19044
13258
1433
27072
13413
26306
14864
9921
26968
3061
31281
18012
13510
26793
9134
16690
24729
285
5704
1325
8604
28154
5065
24276
26311
20665
25589
25786
8042
30444
2860
14294
11286
15710
26098
7512
23513
28864
17264
4450
20091
15942
6091
29925
11157
1946
26275
14423
27179
1448
2647
20794
30015
766
23625
28280
4476
8419
9169
32397
28201
21948
9321
21738
21015
14158
26366
11544
10800
10923
4429
11122
29593
15364
26728
27318
13558
8103
2505
29989
24405
25136
26623
24198
32052
30463
30936
32070
9677
29790
20105
26538
3231
16283
9058
13088
5630
32057
2004
28871
2456
31966
6479
2172
18462
24406
2627
15382
14131
18494
24940
11720
27249
16133
394
18992
7876
29050
11033
32665
16077
4956
20392
316
12186
19201
24633
26850
968
8802
31104
19445
28141
21748
27562
12219
1320
11435
28987
14726
25849
29250
10670
14321
22939
1293
32235
16298
19306
17052
31447
24141
8412
19193
15867
6901
15452
32712
3741
27061
27632
16988
2028
14048
7675
6183
12990
13753
24307
7392
22019
29826
32056
21130
28797
27283
345
19015
13963
3116
18197
24661
13993
16959
14135
32492
20564
13555
24820
8741
31464
6045
1944
31266
17058
5056
9308
30761
788
332
22365
13468
3451
24837
27561
27775
32500
14154
12245
988
21212
26221
22270
19188
16882
7665
14808
785
17689
21272
27942
31960
14482
21195
23244
10142
9535
12640
32494
17540
29404
12410
6308
23654
13736
14821
18846
31956
5798
18923
27497
1743
31470
14099
11262
21616
17031
20158
8960
16950
28268
32411
28943
27305
17290
18716
31187
12249
22328
1328
20917
9507
1502
29336
22384
16519
32049
15589
25922
22604
13935
19688
3347
23946
20744
14526
22565
29980
23192
14514
14636
4195
8029
24965
23955
28773
6482
15280
15600
15092
27094
9060
9467
3778
8657
10857
15103
25224
31003
16129
20592
6640
19937
3588
20192
13567
5888
10970
11002
15466
26766
22230
30463
27587
16278
32601
31261
11731
20174
776
22828
4757
8911
31634
21886
624
10046
30241
3596
17228
13462
28433
17754
6949
20123
14819
13435
8217
18211
6218
27693
15702
6531
29551
20688
6314
24196
2287
20467
21243
3652
394
25059
23580
14755
26977
25341
14140
1430
2163
19403
2695
22315
15236
4911
16676
17770
18732
23609
4168
17414
29291
6825
10168
31960
30822
26721
28994
32547
29611
4175
20519
15830
7866
23002
8586
27086
11040
5203
11056
16615
24407
21917
32095
25514
31247
30357
1970
30668
30959
3613
15932
1250
27677
20018
16441
22072
1916
18075
22956
7930
13887
29891
20099
1850
1743
24345
26430
16958
407
2838
22327
6675
10070
18172
22170
8739
23145
8146
9516
14524
15181
15040
7572
18843
18790
26137
2321
14461
16201
24496
16237
30959
28436
26041
5571
27854
21883
9990
22653
6269
27739
28541
24452
25057
11862
24949
26485
11046
5604
23864
25649
22354
30433
2098
13298
14209
12955
30829
21914
18266
27978
13686
4968
2319
5547
4527
25960
3073
739
9599
7743
21792
4101
13154
27670
5838
18433
31516
26127
13746
4103
32137
26093
4226
20336
5396
2590
26511
1536
27057
28650
24989
9768
22937
4787
7848
31064
25048
22983
5035
19616
28990
31750
8065
5328
2980
20734
12509
10608
29002
16342
24785
765
25773
26778
26090
16197
6333
30484
8151
15336
2336
18190
29781
5791
8866
10400
24311
25988
1782
29885
9547
895
610
18018
28418
29461
3905
27254
6410
4609
4725
639
18523
31916
7076
24340
15319
27860
9771
27573
29418
31395
31265
2821
28536
13001
22897
15350
26339
20813
19670
7999
15157
28303
2971
8669
11441
21090
19593
5330
10641
4419
19253
28669
27834
31982
4369
8102
12945
25720
22757
13950
20266
20787
3875
1245
17627
17
14285
3417
29327
3876
24754
1938
18006
11995
18953
30871
19466
18614
23428
11039
3457
16297
7788
20913
12239
23850
28557
5966
187
22369
2114
11175
3377
19890
24412
17304
27560
21750
18424
29567
30537
18020
28905
10581
15855
4429
7083
20543
25936
25576
19612
20962
32242
23642
7155
1097
3681
25263
30004
18855
1727
17635
9715
28341
29728
9589
29430
22100
5907
4550
32103
2403
14879
5385
29012
10053
11141
17395
31087
29156
27610
27833
7878
17645
11561
4313
12199
24992
14111
21658
27408
17722
26284
27535
17014
22733
15247
22507
16060
3689
16115
31080
9717
6422
20626
26950
13965
13397
4568
11205
7604
29262
9650
10984
27529
30813
20750
32314
20867
32537
13676
16863
3795
24990
28733
1942
12360
5093
30595
4620
26626
6873
31273
24901
8128
3904
14441
31512
28223
24991
9568
22429
16278
12243
29502
28122
246
24306
5621
4557
31607
4377
7474
2334
15874
5261
7607
13387
7975
27354
31861
23749
28351
2157
28619
17966
1052
1791
5023
2642
2727
21698
4628
26902
11275
27513
10627
30043
30099
29441
27911
16960
27679
29142
16797
1893
24463
12970
24725
11078
26308
24139
20722
31663
4296
13403
2360
28452
29766
6868
15108
4019
5632
6470
10557
11555
30569
29245
2464
20054
16921
10370
26726
16448
18833
9540
14262
24366
1097
27686
3315
19057
14528
2311
26233
30802
18829
3788
19663
26041
19859
14137
8696
4230
720
13737
25460
13531
2317
3802
7375
6659
16791
16755
20084
27497
17359
18956
15940
2788
18020
32115
27440
1651
31143
25259
17126
31783
17834
7723
9743
19523
13430
126
24158
3022
4321
22539
4904
32647
13546
19475
5181
3824
2464
24772
28967
23903
3807
23532
21973
3093
21319
32611
22464
24046
20854
5847
29925
13963
30280
17868
26962
19956
14278
21026
12410
12936
5569
15819
7240
4870
20365
2396
11779
9403
30779
13112
18939
23394
11361
20843
5952
21042
24831
9086
125
5764
14001
21819
30875
28478
24450
5126
21823
14845
30555
15817
1058
22771
20832
20366
19413
880
18060
8273
30377
24908
26429
13459
21805
20043
12586
18128
21682
26844
18126
11060
19542
18742
27461
21422
15770
23522
24281
23406
14420
12964
7527
13375
29144
22702
19302
9112
12134
16259
3345
15949
27452
9493
21773
1453
15183
6346
546
16805
24353
10807
13805
2600
3173
20896
20422
8095
23658
32018
11468
15668
25104
5467
29988
8924
28943
32004
15744
25130
7141
5621
16299
12963
25824
8320
3249
25879
17843
1000
7649
9534
3756
9847
26714
12328
9579
5254
13605
15995
20091
1641
2566
14917
20870
17833
23279
27440
26998
913
31526
28877
12514
17731
4219
23762
4002
21063
8730
17478
12878
16167
22570
2747
5262
20702
14052
26215
23741
22049
1506
13718
2532
23790
9460
1158
9817
30258
21149
8469
216
19791
26351
27244
9149
2924
26326
694
16064
15066
15693
25213
11573
26005
15430
8127
27500
17209
16078
20454
22800
13475
2944
10691
8968
11077
5704
23414
7877
6242
25269
15707
4852
20381
11333
6460
15708
10311
2977
21220
14335
10955
31775
13421
27390
9666
13392
14156
6539
1157
27875
4606
20832
31111
31636
3118
12874
2862
24939
31968
14436
31592
27871
13941
30915
21122
30025
20659
11065
22345
1627
1053
27635
276
27262
19241
14153
899
20840
13136
26055
6268
22680
25154
582
12254
5028
30819
27235
5952
2002
26142
2370
20280
20384
26204
11921
9948
5073
20843
32678
15110
12831
16116
9118
25446
14390
13119
8800
12236
332
3415
7046
17461
24337
27246
16443
17531
17867
21847
13923
8200
4333
30228
22323
28196
14490
19013
12277
27929
14874
1875
31911
24345
25168
1439
4118
29014
10389
25656
4256
27037
17700
6069
27316
5916
12988
20723
26058
10647
19637
13068
10031
25240
13927
15577
3738
32267
31725
24353
22877
24255
29725
17383
27100
22257
30048
10673
18998
19869
16802
25924
19069
19818
12330
11342
23666
19703
18393
13221
23004
5651
19907
1946
11589
31713
18947
14173
22100
14196
10845
17838
22879
13905
15676
9354
20229
27026
28699
1807
29718
31094
21434
6331
26422
30879
1551
20395
1651
14740
1415
29629
30668
8545
12483
3224
18522
28974
13723
13938
22258
15438
12129
20497
21354
10770
17744
28956
8514
8804
21506
5672
8542
20159
32579
21005
22629
18495
5652
28759
28853
11157
26457
30163
13813
32373
5695
1425
4524
29673
26662
17653
23681
16755
22169
27410
3347
21580
27382
28111
24378
23828
24494
21635
1793
30647
22172
26596
27304
16548
15734
2290
12605
13266
29401
16301
10360
17032
1772
25243
7416
32399
3238
16401
4977
15417
13428
30039
18080
10485
7638
30309
25980
31811
19004
8193
15033
16753
32146
18417
8710
9157
19618
9895
21371
27275
16707
10333
6821
29054
6534
5316
28171
1081
21450
4793
27963
14785
19145
12146
19315
10144
16167
18823
31321
3651
16972
1277
18712
19537
6171
31689
19872
30221
32148
922
2050
5171
30881
28117
27912
17117
9208
12071
25272
18729
6031
24214
22171
20912
4013
14364
18970
3196
6840
13005
4178
28228
12047
18547
31609
12949
13055
1483
9423
23135
17073
25468
11539
15027
4945
32395
28155
7256
31925
3948
23962
24860
4878
23902
32725
29257
14787
12527
32376
14682
78
30292
8758
16291
8933
32216
3803
15451
17834
15077
23331
22425
19679
10345
5506
2488
4608
12636
29775
19595
11238
14772
28368
30177
21121
25970
12645
32462
17174
29303
3667
16119
6020
553
7922
16326
7626
32178
25468
5634
20718
9313
8244
27833
15162
6567
10685
25752
15416
24582
27497
29821
6218
18682
13720
28490
22788
1465
21492
28605
25174
30654
2770
11222
12973
30590
32232
15039
16644
25049
11228
9484
32651
5601
4131
12041
18919
5987
4736
14123
30845
7086
18119
23692
20699
30116
16199
7458
29739
20279
26590
16578
12416
20027
23701
15823
31965
28180
26197
23530
25632
941
19199
11905
1865
31108
162
25215
6496
25224
25602
7545
20482
11623
29349
15152
15612
16092
6209
2738
16345
23795
2949
20790
31046
23451
32607
27178
28245
22994
4691
3847
5837
27292
22233
4374
27437
13338
15246
31496
16677
19911
9002
18574
5488
10761
22706
22157
6030
4887
25650
18572
808
4924
20130
6080
22925
10086
12839
6
7475
32656
23824
13209
20338
20349
11658
21987
19117
18199
24707
17754
22672
7654
17830
12693
18113
5683
31447
13393
5183
12543
20713
26500
20605
13808
13311
15985
8151
31204
14130
21709
26662
24655
23017
29558
27540
30697
7393
29329
18117
12547
12644
25712
23410
15659
1136
16507
1306
2773
1641
23181
8745
30494
25976
30811
21657
19435
29900
25507
6852
7089
23539
14830
5220
22250
23316
26389
12950
22547
23625
12821
2889
24993
13890
26069
29319
16980
29079
11804
29338
16781
13795
31309
6856
20526
17857
15956
14073
31448
7601
21991
20594
26123
32751
8830
24141
26473
29996
31068
20373
16023
5271
26054
6824
25270
12516
23375
8155
26373
29651
30800
21295
30318
12176
3553
14826
1881
15487
16435
30700
9528
13615
30193
12571
3380
9231
31094
30419
28230
15395
15738
12321
19448
13006
14693
23346
30176
9180
23704
25268
6459
19489
4749
852
1775
11956
990
31038
29715
24951
17295
28896
22916
5559
19390
20612
2323
32306
5793
1692
9129
708
95
2853
28581
6063
26321
9841
27437
28483
1290
7660
30458
21703
11975
15051
31110
20357
32019
21888
29737
23439
28500
17507
31382
1673
6384
11213
9380
15962
28809
27164
24677
25991
30002
9477
24036
8585
19713
20566
32417
24679
11105
26123
20070
22413
14232
664
12550
1226
20432
3095
5137
23669
25996
26333
3818
19179
2589
14157
2281
20673
1983
9517
23331
32745
19490
14208
27949
4217
20998
6525
3820
29727
11631
4014
14671
26842
24088
5975
12097
16684
2818
6572
13961
12713
13977
14507
22338
26927
25012
16569
32398
28228
3364
28166
4421
24099
28575
18085
26516
13134
1165
6459
23112
16895
2191
25870
26688
5083
27421
16596
18719
29546
30328
12787
18071
25537
12453
17320
2699
9337
18159
28812
1230
22038
820
21591
12362
26290
13514
21329
16742
209
13427
3360
1845
29226
1522
23904
18775
1955
22646
22064
465
22947
3563
8014
18713
23968
26463
7058
24105
3238
9086
9409
12500
15912
14720
12432
11409
31688
32103
23839
15543
29094
24083
17405
3194
8270
7162
12207
340
26189
26527
18199
28502
16265
25526
11458
29957
31220
24456
1468
30208
16094
9859
29414
7035
20285
15254
29948
16515
3320
31906
1751
29978
29703
27898
15661
225
15795
32551
8683
19149
6056
9495
29603
21749
404
6247
4212
20474
28596
16547
26535
2195
16262
27296
26330
10486
11064
27410
27785
10944
30383
1971
11743
14109
29704
19904
2800
21122
14342
441
8425
761
6436
3600
12853
16142
6017
32408
11251
22572
23606
16843
21083
5877
24710
4772
6752
27754
13992
7530
19145
26647
6397
23601
9228
19146
9199
9852
5499
16450
1146
10787
20331
13204
12159
21212
6867
28242
16195
9824
8918
14680
28690
19139
12167
24991
14943
9871
16756
5683
14024
19450
28983
30458
4105
17557
2389
21745
8461
25675
32243
30834
29677
10549
18374
14808
29018
21790
7901
24697
31691
22102
8950
28880
7350
7572
17716
17631
18509
29532
14440
12311
29299
23143
2408
9695
1445
26467
5575
3155
28549
9704
19958
22074
29830
2506
8910
8714
19298
12361
5021
677
15561
18019
32605
15427
29427
12259
26764
32331
31918
26456
26287
21915
26043
21013
27332
3685
18339
11513
17891
16438
5
31892
11108
8762
11270
29113
9577
13540
17510
32333
6488
6550
19751
6035
28060
18532
15806
15891
27673
30460
23074
7502
29182
9352
8678
32122
5301
17730
12312
5672
13450
8424
8295
30100
4607
11711
13178
4515
21317
19707
26591
29214
18758
10261
7569
4776
459
18187
4964
25794
11996
23661
8835
3158
5773
15676
80
11281
17371
18340
22862
3300
13715
4398
14702
18429
22672
23470
31357
3812
14182
22946
4125
8974
24522
8345
23131
4349
7383
426
25278
23300
24587
6240
17372
3302
31043
10783
2761
25863
2326
23190
12476
15229
3814
3704
4797
11294
26484
14781
29528
16796
1659
13050
8600
12423
23028
14670
30254
18993
23329
19183
23009
2306
3414
13039
8286
21855
32441
7110
18873
32207
14989
27012
9392
4369
28177
928
22685
7890
12481
30362
4904
17847
220
9428
12363
3593
13418
1889
16724
16203
20043
22935
17328
17770
2503
9991
1450
9403
6630
17922
31949
16725
13053
18706
18396
26885
5683
5921
3565
13987
9857
12012
10223
13883
17575
4448
29680
27318
15217
3025
7594
8319
7515
20042
19415
5517
12938
20819
30691
29528
30539
17659
31909
9355
4372
4107
17178
18093
2715
3698
11995
21840
21347
788
18135
22657
8484
11013
24638
5338
28941
7959
21189
8380
7607
27941
14686
28776
27210
6070
25492
25866
1560
14539
20713
9490
16831
14899
9550
5925
235
20531
625
6771
32123
1733
11091
5729
21407
5112
31571
32167
19166
12615
26293
27216
12339
20856
25661
27434
11921
2758
22265
16947
6632
16737
16023
17623
18424
8089
25965
9948
31496
23417
10948
2648
14996
4920
10069
27127
16643
10659
31921
31804
4599
12850
24004
5694
20563
12141
27437
10034
15531
4903
20243
29387
7639
14241
27181
27038
5461
3162
24158
16961
15688
11759
21102
29086
14238
4087
21683
12730
4479
18057
23992
26533
11512
23648
8337
28654
8480
32101
5829
8227
16673
6186
2980
3315
2259
16173
28802
10630
7995
26985
16256
24899
6350
11467
23535
26326
19091
13525
3099
5109
9842
6700
19905
5226
9274
10961
5818
2156
4462
7166
2861
7800
29481
28342
24079
13212
28029
31567
9698
14636
17423
16860
7964
2742
7824
20095
6409
28063
20102
12841
24418
2771
31692
25307
12745
24534
17253
31851
18175
18800
12873
28085
13598
28662
24354
20416
21658
391
18925
9382
10598
21314
30632
3572
28312
10470
16961
11400
9943
1895
24453
26414
2442
18394
15963
17136
9800
28105
10655
22051
13669
27242
11950
21760
31397
28281
27769
16780
14566
8352
6788
16306
12317
31893
14078
4357
27817
1217
16540
23505
30904
8059
32511
1918
16108
17887
21748
22062
5604
12021
31016
7833
21890
12805
28753
9509
26426
26781
17767
19988
17282
17462
7648
16105
9742
12171
1606
29012
29200
5117
12182
25279
19568
13681
24213
28439
23462
32436
13708
22203
21012
14422
1911
27459
1823
10364
10634
8169
14186
19667
6336
14810
3326
3858
27137
14792
25792
24234
27860
6131
4902
9541
21868
24867
17630
16160
9955
2037
12826
15631
22537
20621
2694
13434
29189
29852
14725
15236
17355
4929
12157
3182
6574
26712
14504
15594
28607
10657
19102
14013
13153
19549
11816
31165
25551
9129
31555
12367
20651
3588
11256
32163
3286
21647
2133
20195
112
9209
24320
3646
20418
5449
5712
5957
27358
24035
25880
6340
18753
9466
2389
11537
24626
7447
24803
23224
31755
22836
3215
19439
16255
12264
15714
31834
4999
10033
29523
15236
7647
8326
24508
25378
9178
9372
12843
31528
7919
9904
7381
22875
1373
32675
18695
23337
1333
20476
6470
17122
9277
21168
16037
9250
2129
18261
5253
22172
23299
19123
9248
16244
3719
22117
1095
14812
7088
24378
30333
728
1416
31748
412
23036
9374
11675
23912
13120
5007
5954
28886
23492
17706
5640
30524
23577
5217
25803
10444
27750
20340
24486
17750
10326
31876
17170
10802
10556
23103
19603
30300
9201
15484
28967
31228
1885
5880
15220
10874
27034
6151
17540
4499
32142
19138
15862
12170
26985
11620
30613
12088
3075
6945
5725
31053
1784
26159
9175
31112
3906
7340
4201
6537
10446
27401
11906
8008
1535
18325
25271
11357
17193
16833
17783
5508
14445
13406
24015
30485
5001
21378
2162
30455
13561
12204
10978
17033
865
18186
23682
13932
1726
13085
11408
7557
16386
30709
12667
26926
27116
16363
28751
3748
9653
12260
12081
25146
15679
20589
1711
19159
23188
22623
9042
18025
2640
24134
28130
9107
29959
10358
24681
23720
8595
4963
3253
3868
17430
31292
20327
27156
11378
11984
16571
4424
5314
18829
22614
2663
20574
7533
11620
20274
24637
13169
8244
17220
17643
29111
30111
29711
24472
1848
4514
11109
30383
4364
8923
28681
6657
957
18604
8236
17876
16019
26862
31255
3409
13451
14027
967
8240
10679
24040
24397
5722
27074
9625
18463
30692
10455
28590
18397
31470
29353
16203
22158
24353
221
19328
1123
27280
25523
1380
21274
17609
32548
22015
28067
2315
29815
15024
3399
29410
8644
14385
10984
26178
3417
1193
16468
2847
29845
5932
9369
16920
3713
27800
3050
4080
29909
6116
2433
29568
28110
28204
21915
22111
21941
25974
10466
16911
8559
4624
14755
18676
31580
31943
4958
23175
30563
25507
7503
8665
18652
30413
30469
30065
994
14704
12713
20862
2872
14440
22593
12594
29642
28758
14863
24018
22793
18060
30293
24255
21622
653
13589
9458
8305
31265
25743
647
4750
28731
26970
26108
5828
22121
23133
16866
25580
9253
19720
28278
13602
13771
13588
11751
6025
22986
17528
30546
11749
9573
27178
14918
19912
9086
9855
31129
14799
25037
7316
21098
19986
9975
28316
587
10248
10633
30362
8716
11159
21171
11406
24199
17082
30194
12336
27492
17750
29887
2731
12094
17183
12375
22832
32301
16807
4064
16478
30767
31447
27677
2026
809
23199
4501
13466
458
9441
10363
10488
27558
28168
32406
7921
11103
32022
31221
32331
18612
10583
16707
19303
19292
4047
15963
13265
27307
15778
13932
19196
26239
11911
16871
7416
13273
29327
28708
7566
26415
9540
13077
6765
24351
25174
9988
22612
13279
8673
15103
19577
30520
27072
14433
23562
3680
5236
21979
31605
28873
10024
9357
10446
15056
30684
20103
13675
10209
23169
25973
375
6162
32176
25241
28222
5350
6294
3903
26844
25390
850
15271
31797
25090
2386
16649
7699
25168
6574
7394
28651
4907
4618
5518
28534
333
13009
25898
20868
8613
31445
2384
17086
7412
8006
10665
21724
10202
11065
8738
13797
9936
3041
4725
18351
32508
11348
26579
15760
18672
10766
15794
12293
19031
31030
22890
25505
2774
26014
720
29411
19390
21557
29230
31668
24868
6192
22126
23387
29306
19490
4739
8435
11804
11037
18656
8246
9092
16693
8345
24563
467
13686
16560
32650
9147
5598
32088
24740
4600
1051
24576
21619
30038
30628
29929
13612
13002
21965
24797
22488
6494
15908
8421
13253
29851
27650
10279
10247
4974
243
17901
22493
8955
26462
5970
8175
10498
24268
21663
12847
24922
10174
4886
16244
2785
11016
11041
26459
26146
24921
22529
10821
5047
16860
7849
8707
17773
18932
11299
5823
12944
14639
10330
25845
30487
26640
22181
19899
17955
1083
2047
25362
27203
3057
26705
17302
1902
25535
26903
13550
30535
10774
21111
32295
20471
2724
26560
21651
6094
10421
23150
19048
29962
5802
29831
27356
90
23721
21895
11290
18354
6981
15167
18151
4524
11390
27805
29151
5437
32010
3479
7995
19893
30388
20807
22974
2879
23298
17240
17725
6195
17673
26466
26209
5851
16748
12665
10438
6001
29320
1549
7794
4730
31273
8806
12232
24832
2478
8008
25375
2406
30538
26074
6183
27916
1312
31401
15634
10873
6420
20195
23658
15803
22102
7802
11159
2536
28739
10683
11074
24613
30284
13939
14008
13488
30648
10515
16051
30377
24615
9775
23653
3051
5458
13715
11043
19847
15746
18781
25731
676
29582
30678
15145
24562
23535
32050
19811
2550
16291
29967
20566
5320
12552
6688
26808
13311
5440
19354
6641
32503
28125
9410
8996
13433
4449
926
31953
15730
28226
16348
7195
25020
1775
1209
14339
30980
7767
666
4125
29980
32407
17135
15038
416
10115
7763
9435
30370
23666
27356
6016
27258
29037
4410
22499
16556
31545
14618
30664
27160
21654
23526
21417
3721
7587
8285
4146
9045
13656
12419
26482
20944
2338
30806
27196
12653
16705
13596
9278
14280
5098
31198
1260
31614
3224
18847
32406
3091
3805
25450
10724
29008
10029
31055
15519
26925
7427
3056
4068
7757
28806
3565
22850
5264
24891
7807
6785
10579
6027
17140
31769
21085
15420
29853
2822
27733
26723
11528
25891
16600
18378
10608
13435
16025
32301
12393
23001
28551
5568
12653
29167
7480
17477
17680
32035
16253
12523
19102
29038
2499
13477
527
20544
6379
5416
12668
28415
15077
3158
25083
22033
7
12030
2854
10784
19227
9483
8567
477
24108
10212
27324
2084
31759
5299
20980
13353
8107
8233
28532
17090
27743
32543
6485
15537
29073
18787
6158
20542
10127
16463
1183
30649
8069
14437
9454
25714
29764
27141
16678
16221
4715
10711
22445
15305
13345
31203
20523
29182
20497
4046
9686
26307
28852
27708
5605
8183
8947
6437
12340
29423
14002
2697
3014
23211
10330
24499
8244
23659
8448
12361
18604
14883
1822
31484
22031
20552
31166
15421
4268
15607
22771
3768
4924
8744
14455
2905
9131
23047
29239
24336
24005
17604
23105
30332
23831
29626
20424
18480
18743
31958
21060
7020
22018
17711
22373
14980
15630
25917
19259
15216
18718
21813
25503
17019
10574
1947
14873
21118
4864
14063
21341
28678
30252
32651
14782
21690
9310
23554
4445
15437
9328
27100
7112
2343
2532
20766
715
14025
16588
30616
6773
30922
8791
16267
29402
11429
1680
24431
12309
24753
17957
7461
12823
6813
7846
15769
12503
2608
17639
3729
6452
22387
30148
9331
11063
20689
8617
28890
29102
8950
30541
26165
28910
9659
20047
31515
31151
29583
4683
31641
11732
4910
19941
1447
21223
838
15278
18710
21578
3940
1496
32490
11838
8024
7867
25947
16831
31258
30793
1984
26993
9363
6877
20966
3979
22018
21318
816
16595
14075
11766
11115
18185
22798
30275
32178
25190
6541
26625
3730
10234
5044
30065
17121
30071
24745
32766
630
7381
5857
31286
25015
8017
14841
30862
25870
12207
11116
12039
17840
31377
1690
23820
32386
8785
30940
3462
22011
27607
10867
20625
11901
22448
12660
17795
2349
28119
1608
8954
24720
11676
27960
13947
7539
28825
12115
11190
4004
15551
23645
15371
1237
21098
10311
17608
31265
27561
10855
19029
28611
8311
15931
1046
16000
3928
15870
22729
11320
29437
11042
24349
9921
13547
27787
14083
26238
17397
9736
3704
17606
31324
30661
29437
30189
20277
15218
16643
16037
10489
19310
9097
30746
13643
32455
4681
4749
12929
13473
22816
23405
18711
17682
10708
26296
22236
14475
4721
10309
20727
20396
16036
18232
2663
32594
17527
10654
16254
29566
25407
30481
6238
26249
17817
8247
28406
28456
6370
7430
2791
21155
23943
6886
10298
25138
21273
1260
7451
7025
8098
32481
2613
20770
12489
19667
18467
21637
3035
2531
25168
9369
8712
5851
10857
8954
5909
18090
15126
8251
18450
21276
2558
26091
31898
1477
28687
15233
23602
4129
29553
13743
14960
3464
12671
29556
14779
31041
6996
8597
31760
28175
22712
32666
12800
2728
10597
26271
29332
27419
6258
29694
3665
31260
14550
20325
2069
2317
31972
17792
5031
11102
3939
19722
30712
17382
2390
14777
19763
32298
4155
19888
4416
18171
23523
17469
27957
32026
30160
17518
12404
4500
26540
5256
27400
25746
23852
9616
3075
3901
31744
17258
1678
3218
4501
29832
22894
12688
7530
12999
8180
8774
7440
12346
15394
28528
13562
5871
21206
646
7942
16518
10117
31432
6660
11041
7490
20795
25535
10922
14804
2045
22053
30914
17744
23742
2959
8802
2298
16752
17788
31428
13326
28461
1155
16724
27516
31922
26035
28526
26542
10582
1518
10830
5720
31628
17965
28576
5076
28700
7232
559
19857
21037
4154
30593
6803
32278
17009
23178
30661
21498
4329
1760
23512
15346
16410
11553
18221
23247
9754
12483
8557
8733
22292
13275
5056
7750
30347
18373
9423
26188
10043
29553
3987
11633
9491
11275
318
11776
21681
30841
25472
10536
16480
5508
6742
31957
16567
28658
29819
3261
28661
13955
25103
1474
22498
31414
5626
9681
4671
9276
6630
15852
26174
26776
19010
6696
29366
23786
10527
4424
15926
7541
3235
6537
31827
28543
5776
19900
27250
1588
25307
1785
30148
12458
21452
19816
19698
4487
3683
15098
11308
14976
26798
18050
28659
19336
8709
30207
7684
14451
13155
8590
14198
9177
4701
22049
3362
22753
4166
29368
4273
18149
24084
2375
19912
24998
1662
17971
13788
11433
16922
27547
24597
1502
30388
1669
10530
31256
4181
8842
8287
18899
25532
1092
29978
11299
26676
19932
26397
4533
31989
28493
6084
15459
3975
7866
16767
8790
23871
20992
24582
29858
20417
15072
15296
28660
5831
13555
14370
11507
18772
29071
20584
2189
4056
2515
29152
6974
19757
16319
28319
31206
23455
21668
7075
31726
7332
28280
21413
26937
3728
28871
15198
2898
20780
122
8909
25646
8703
29811
30408
17139
13738
29297
126
17293
18949
21583
28524
28491
427
11852
17751
23647
265
31388
22449
19259
25502
24035
15424
20071
14916
2932
18323
22177
17789
10318
23582
6483
15211
8564
10765
16095
23268
29691
16940
27036
6633
32384
15887
9510
5576
4831
28479
2870
8337
6980
31574
17862
24548
24200
23506
22903
6569
3365
16640
8794
18865
17426
8153
7096
27952
22003
20871
17281
32724
10960
19320
19019
2628
14024
16641
22665
9228
27869
31982
28079
23818
1937
1137
30757
27407
11553
17234
11748
13238
21149
10089
13748
13519
13300
4616
6649
7233
9675
17840
12266
20352
5360
19212
6221
9309
10464
16412
6332
28782
21237
19669
24693
1765
25709
28675
25469
1527
12264
31621
8518
3576
11128
25883
16789
11500
19018
13153
5320
4759
5710
16986
6149
6157
16938
16005
372
17206
32309
7991
22892
13435
4879
19711
20873
31040
16375
761
15732
2836
21023
31003
4726
5962
26292
2526
28163
31279
8313
17909
25248
23085
5213
20190
31519
18936
24716
22999
20574
30157
12038
21542
1524
32319
12674
22312
29200
29771
10972
19305
24767
30945
28178
24209
26565
31665
10863
15704
18671
30850
13215
29081
7669
955
426
2513
11078
13521
32451
3110
26677
29555
21163
24226
24570
15496
26561
21336
31623
7302
18884
8250
6673
18304
15356
13464
25775
1380
27923
24590
13646
20868
18177
16362
32120
3842
9423
10701
9802
15217
8034
28453
4014
19214
20167
13305
11013
19389
8859
20196
1228
16927
31522
19478
26770
24819
23552
28359
30039
18876
1074
18513
5085
29805
28140
23501
31200
17412
23442
16342
18408
4643
1469
24617
6025
4867
4689
13225
30611
20484
3113
31764
6065
3997
21206
29910
19261
21152
1244
29562
11342
3464
19717
1189
32140
7093
21866
10544
29001
10509
12534
31225
196
12703
26950
5837
7113
11424
13497
12848
2297
9041
18701
28166
7534
2410
3823
14025
22874
30937
12978
16022
18063
12030
1718
9816
1362
15668
19003
15839
266
31417
31325
15444
25266
22738
21340
13351
30095
2079
10360
27973
10411
25079
32473
6514
31016
20526
25676
31254
13603
18865
28642
31245
18188
1836
14612
8027
7303
7297
10040
29161
1948
31886
1399
21833
7777
28789
24171
18578
5102
12466
24578
19031
9414
13448
201
31507
12321
29927
2363
18635
27261
27625
24627
6084
30697
3729
12337
6792
3686
32110
17014
16802
7771
2006
26526
3335
8758
23015
23070
18914
24137
17751
15637
31796
28137
23171
10885
3221
17511
31311
3926
8952
20650
17655
9738
15483
9610
11663
12301
10682
30854
11440
18171
30426
18369
29518
16193
10542
5591
19030
17105
17189
88
8051
18907
13250
879
16011
4125
18513
21573
21221
30731
22947
20276
15230
11484
4680
28739
19885
2037
15378
26223
29603
12403
15240
19701
26188
20011
27577
16619
14941
13345
9459
6339
28472
14694
25231
14832
11547
6110
24123
16024
17406
27687
5600
5761
30623
12873
13820
21059
8333
30137
26705
15975
29289
11694
10705
23231
23590
18200
7763
17819
23776
9163
5343
24266
27506
11835
30514
32504
25380
21833
15524
13953
30658
28071
19540
22819
15240
19978
3118
12361
12698
25269
6128
12012
6550
9757
23816
3303
24464
1646
4942
28713
9564
12325
1687
22966
13513
15089
24950
16806
25944
4504
1449
24773
12003
9793
15045
73
15342
11269
1069
849
27743
32462
31785
19617
20931
30395
21137
19820
18201
1715
4416
24755
31231
6815
12628
12534
30529
9692
31653
10120
29100
11199
26991
20132
25496
30817
23706
14111
28252
27075
11304
7450
5878
17803
1432
18496
15076
24125
17657
12204
1499
12865
8714
16935
29833
13077
8572
651
27582
565
31204
16317
21939
26746
12167
9360
13790
219
2196
3072
6711
24772
8526
9923
4277
8705
20908
4187
9314
15305
31883
29943
5987
3920
11462
26558
1880
32171
10628
15640
31759
13145
18332
26512
21991
13751
15238
31997
19451
25524
15718
26475
20917
8556
20166
23132
20811
279
18983
26854
18559
22586
7237
20666
15007
28730
5971
4298
26415
19238
7907
250
18090
416
23458
4857
9285
11164
18662
31578
32578
17487
4031
14056
22124
12630
3093
2294
19973
4090
32703
5136
9228
22080
14343
6276
24326
24021
25535
42
19069
31313
30432
12647
28593
1348
25348
14495
14533
13758
26214
30304
8956
25034
4376
1224
10211
21198
8000
16090
1009
10469
31894
14117
9390
25873
8233
26775
9158
28059
9806
11178
17720
2378
27267
7049
25395
4629
25149
7053
19908
15675
18513
9762
30191
15457
28778
9376
5500
14215
16291
19681
23920
8466
10596
23933
123
32241
22043
32732
16190
24241
14083
23648
24141
32459
28006
29806
14239
14443
30380
4819
5755
30520
2474
7373
12722
10240
20751
23869
12620
18087
18082
15687
13756
2697
15152
8841
5655
4675
19201
24487
458
10244
16922
9960
10324
25999
23953
6336
30118
30288
453
12153
22012
7615
20321
26459
18221
23192
10323
30432
18297
12018
26115
621
9073
11190
25028
17502
14100
23904
32563
8084
10819
12775
22286
2363
3256
23457
3980
13808
9950
12352
21325
31139
29779
6828
7568
12248
24745
7426
4463
4719
16467
5025
6304
20509
15275
14481
21900
28213
27919
15465
30253
29882
12232
22615
28705
17512
2995
6503
28586
7993
11031
29712
9176
16037
19507
20815
19779
20162
8200
21517
17465
951
8762
3536
8979
30601
23553
15790
19240
14656
25791
8775
22429
2650
22528
8132
4766
2908
27527
13276
14593
10630
16351
19162
23285
20511
30428
30814
10931
25717
14807
14633
32065
13964
10062
8198
28619
24618
4251
19170
28466
27107
20077
14521
19929
28238
28605
15261
8805
16598
20492
23409
30896
13824
17992
32400
22634
14483
11580
27676
20000
14252
24563
23979
23492
6612
17310
630
2687
7920
9486
32190
15249
31538
27770
28613
13058
15233
29021
16063
27033
15698
9617
25794
17020
25484
25960
7531
18294
12989
3850
5661
7714
6369
18862
5222
8687
13475
14551
16984
10583
13422
21438
22019
8444
9515
27584
16527
31728
7835
383
9794
12247
8948
29260
4849
3084
9369
4879
26903
10285
4553
895
31296
21254
13858
20006
25287
25008
12831
24894
25760
24437
26297
2873
11462
19437
28971
23180
18288
15947
8109
1501
2384
11553
17431
16791
15582
7462
26623
9213
32015
32682
11191
25155
17060
30648
18360
3978
3748
32320
1168
8931
14045
4862
146
12580
32042
7607
25454
4614
13253
9128
32411
28536
6926
17286
26632
10866
17858
1859
21680
27087
10833
27992
2290
32096
28329
23544
21817
22204
11262
12268
28566
32664
29734
3829
23112
1452
12093
26655
29605
27407
2596
9320
5842
13748
23276
31078
1116
257
28341
25137
28837
28672
21840
18500
16696
10665
10141
6113
1006
23035
15719
14506
21737
19452
31238
15893
16132
18154
10467
10409
21717
18291
1947
16144
14785
17154
31813
7530
24038
8658
6834
31014
21368
21834
3113
20388
30761
21730
18930
14340
24344
9328
13317
4189
31762
14306
2884
19328
6273
6592
20161
15660
27071
21890
13124
1751
25776
32166
24078
14290
28296
31724
28139
29130
3101
23868
13629
21245
10150
21041
26755
32672
20327
2498
30372
15746
15086
18829
6120
30658
28125
1492
11317
30927
18106
23486
11930
13520
27916
7363
31889
11012
10631
28106
4053
24001
2329
9228
17852
408
5838
18703
18770
16152
9339
22834
30057
29463
3288
19688
5009
18011
22635
27839
30293
12174
28883
4926
6332
24864
29242
19470
15418
19729
32019
9021
9456
30245
2662
19045
5883
20112
4
29643
8130
15380
19507
12882
25208
31515
10142
31133
5508
24718
15569
5720
10057
11575
11169
3975
21227
27342
39
32061
14237
3183
16226
24156
26424
27102
7572
26168
22901
1349
9522
24845
19020
6367
19306
13800
31906
946
31965
4913
21567
19598
11507
26163
22681
6013
6492
125
14917
8225
10512
13726
717
11901
18677
11257
15888
24697
22987
23404
14536
26250
16749
1794
12585
22731
29369
5540
26034
520
10026
16557
6361
16557
6857
19648
4102
7226
7000
1566
20002
23277
6980
21317
1437
324
12138
19107
25015
27282
24648
14589
20161
5557
5041
29345
10808
1679
26608
4184
19116
13346
26667
25997
18948
26232
13543
28790
24007
31297
27280
26847
27563
27523
7202
20865
13701
3914
26995
13742
23098
16434
19881
26143
5828
29568
24478
14452
15415
14765
7456
25509
2914
22888
287
30328
10621
31935
12411
12603
3220
30277
9903
21785
7468
1072
29189
25778
8901
11688
19058
2393
19855
31497
24805
22128
21052
12828
27074
5144
27900
789
32292
10633
11181
18298
21970
30096
2952
16498
19444
18575
24576
21437
17739
4059
13118
2779
9029
11437
14908
7590
1784
28
28574
18924
16231
18521
30441
13352
32195
23720
18620
22419
25686
24723
18164
19758
13802
20498
32371
32584
29813
7365
12741
29118
508
11405
19173
6337
17262
24614
5323
5292
28915
21206
12473
20991
1490
5752
21231
24252
28793
7035
8381
8649
31749
19250
18189
9764
28726
19939
4828
19702
16177
4466
29824
6552
31025
27180
8993
2948
28776
6407
20136
5361
22447
27304
18511
11311
19719
20993
30978
23607
23865
25654
14821
14727
20731
14502
2630
1462
25032
28383
29108
16082
20286
27629
4755
16218
24762
25106
25759
14878
29152
6570
19366
22377
17465
1124
30015
14243
23272
4034
11214
12139
32131
20891
20493
14179
12032
17464
25352
4348
31518
11961
27871
32256
10901
32150
15372
30741
2327
29386
7498
23009
32274
435
21232
24241
22740
7756
11913
28427
25843
24077
17397
16390
20244
14438
2780
18500
612
9325
26410
4387
20202
25203
27897
21914
6240
2314
11983
25092
9885
9668
28095
29786
18221
24140
17356
28076
31995
18668
27441
11245
19090
2983
7281
4317
26064
18751
28426
6940
16117
2775
25681
9422
20501
2455
16430
4585
24747
29917
5948
22801
31975
9787
17790
1413
6583
8430
24279
5137
15316
13817
25374
27248
32364
32563
6133
3965
402
12262
27316
11017
28861
30126
8785
13831
17138
18136
3982
7654
30421
17879
6866
16182
16702
13732
22332
22388
1674
25439
22516
31406
421
32376
23881
13153
6082
4982
12152
22802
13519
8802
32144
31587
8223
30434
30344
11288
23819
20883
5348
26462
15471
21138
16218
20956
22418
16689
22851
7714
5109
15185
8568
24498
2615
16700
10135
1311
4621
7454
23727
21939
24870
9705
19270
5013
24211
12502
10379
31497
22916
21659
4825
32532
11714
32456
7345
20420
15873
1899
1018
7119
7565
14856
20789
4033
19618
18586
23438
16396
12193
17686
11866
27903
32124
4933
21748
24198
24820
5635
24337
1314
25711
5850
25732
28860
4466
18448
28927
32682
22683
1087
14049
21586
23735
25066
21010
20282
15461
24890
6219
13872
13559
15981
13134
22214
26671
15086
22389
18377
15104
3948
4338
31117
29967
27702
15871
4803
29417
2295
14593
16177
8823
15350
28626
23312
28872
1969
29197
484
12367
9136
2718
26828
30039
8834
2424
20573
6524
1045
3772
17489
23097
27104
23370
12158
5955
16674
26890
20581
23183
30642
19810
2996
13615
11755
30262
2947
16322
6049
12210
25040
27011
29586
3157
19139
21421
17156
25476
6946
13605
30245
6028
5468
6150
7634
13907
8560
21966
24193
2303
19365
614
4941
17371
15776
17880
7976
15607
19321
5283
32052
8916
18265
17938
17820
20002
15211
3231
16109
23985
28099
22074
25966
9187
30374
29486
14749
14601
17772
27221
16191
9072
17363
15868
3748
31391
10038
28966
9023
31590
18161
6657
18695
19853
7565
4736
9561
29388
27518
15864
19981
12919
7132
5709
25772
7676
25202
13241
1844
28667
13337
30802
29748
6134
16970
32297
13401
11708
6213
12580
27383
1085
7970
1686
21704
17859
7794
12910
11323
19022
1901
15071
13122
32611
5420
5077
16358
23858
16788
29825
19234
5568
28686
29982
28494
10857
26483
18959
23755
12491
24001
26545
23235
7678
3012
2697
24777
2169
29868
19314
22665
28407
21627
16070
10044
28076
29319
20973
16043
29779
6005
9301
20420
3859
2866
10816
27615
3002
30479
3411
11349
28126
21406
30106
19794
10186
24666
7412
12941
25319
21324
3000
27090
1112
24759
30769
13499
25948
14976
3012
1511
30342
5272
20481
10219
7141
636
2126
13926
15365
2641
28087
8163
29938
16884
12066
26561
17659
29342
5551
24166
19410
2792
31224
10685
12230
3962
17144
4781
8615
22814
25310
12820
15038
24678
29144
26855
17024
8575
3679
4942
18474
9796
8161
5678
8220
28375
24521
4574
9662
25357
86
8989
15026
10855
5819
26195
21558
24111
17012
11966
3205
235
27524
6622
12155
10318
12395
3237
25438
21546
2036
18682
9527
21135
23310
31045
4798
16781
8277
22421
23068
15674
17301
11712
31779
14124
6900
9316
17762
6536
6473
15221
31383
19712
24363
26081
22032
27726
15595
28183
29057
20447
20125